# fragmentation : LHAPDF (data/prompt-D0-1-109/prompt-D0-1-109_0000.dat, member 0, Q=1*mt0=1.50333)
# channel       : An0n
#   dipole file dir       : data/Pb/bk_posterior/member_0038/glauber_mve_<b>
#   pD0 loop             : 0.1 to 12.0 GeV, step 0.2
#   fixed rapidity y      : -1.5
# ============================================================
# b  pD0  dsigma_dyd2pD0
0  0.1  725.633
0  0.3  571.132
0  0.5  440.643
0  0.7  330.685
0  0.9  243.296
0  1.1  176.974
0  1.3  127.829
0  1.5  92.0667
0  1.7  66.4472
0  1.9  48.1884
0  2.1  35.2058
0  2.3  25.9574
0  2.5  19.3309
0  2.7  14.5473
0  2.9  11.0653
0  3.1  8.50726
0  3.3  6.60517
0  3.5  5.1744
0  3.7  4.09891
0  3.9  3.27309
0  4.1  2.63418
0  4.3  2.13722
0  4.5  1.7475
0  4.7  1.4386
0  4.9  1.19213
0  5.1  0.993568
0  5.3  0.833108
0  5.5  0.70246
0  5.7  0.59565
0  5.9  0.507176
0  6.1  0.433787
0  6.3  0.372486
0  6.5  0.32139
0  6.7  0.278423
0  6.9  0.242005
0  7.1  0.211067
0  7.3  0.184704
0  7.5  0.162243
0  7.7  0.142828
0  7.9  0.125926
0  8.1  0.111655
0  8.3  0.0992028
0  8.5  0.0883033
0  8.7  0.0787989
0  8.9  0.0704474
0  9.1  0.0631226
0  9.3  0.0567004
0  9.5  0.0510228
0  9.7  0.0460034
0  9.9  0.0415783
0  10.1  0.0376252
0  10.3  0.0341715
0  10.5  0.0310346
0  10.7  0.0282542
0  10.9  0.0257316
0  11.1  0.0234948
0  11.3  0.021464
0  11.5  0.0196275
0  11.7  0.0179779
0  11.9  0.0165567
2  0.1  724.779
2  0.3  570.477
2  0.5  440.133
2  0.7  330.29
2  0.9  242.991
2  1.1  176.739
2  1.3  127.649
2  1.5  91.9318
2  1.7  66.3443
2  1.9  48.1112
2  2.1  35.148
2  2.3  25.9135
2  2.5  19.2976
2  2.7  14.5219
2  2.9  11.0458
2  3.1  8.49206
2  3.3  6.59336
2  3.5  5.16502
2  3.7  4.09158
2  3.9  3.26751
2  4.1  2.62939
2  4.3  2.13358
2  4.5  1.74437
2  4.7  1.43597
2  4.9  1.18969
2  5.1  0.991701
2  5.3  0.83158
2  5.5  0.701423
2  5.7  0.594013
2  5.9  0.506247
2  6.1  0.433006
2  6.3  0.371708
2  6.5  0.320762
2  6.7  0.277789
2  6.9  0.241575
2  7.1  0.210734
2  7.3  0.184339
2  7.5  0.16197
2  7.7  0.142404
2  7.9  0.125726
2  8.1  0.111435
2  8.3  0.0990159
2  8.5  0.088142
2  8.7  0.078652
2  8.9  0.0703587
2  9.1  0.0630502
2  9.3  0.0565944
2  9.5  0.0509366
2  9.7  0.0459138
2  9.9  0.0415062
2  10.1  0.037583
2  10.3  0.0340941
2  10.5  0.0309855
2  10.7  0.0281841
2  10.9  0.0256822
2  11.1  0.0234555
2  11.3  0.0214346
2  11.5  0.0196055
2  11.7  0.0179485
2  11.9  0.0165145
4  0.1  722.304
4  0.3  568.503
4  0.5  438.601
4  0.7  328.822
4  0.9  242.072
4  1.1  176.029
4  1.3  127.108
4  1.5  91.525
4  1.7  66.0338
4  1.9  47.8788
4  2.1  34.973
4  2.3  25.7758
4  2.5  19.1972
4  2.7  14.4454
4  2.9  10.9869
4  3.1  8.44638
4  3.3  6.55756
4  3.5  5.14094
4  3.7  4.06901
4  3.9  3.24921
4  4.1  2.61496
4  4.3  2.12162
4  4.5  1.73458
4  4.7  1.42807
4  4.9  1.18311
4  5.1  0.986265
4  5.3  0.826956
4  5.5  0.697494
4  5.7  0.591029
4  5.9  0.503437
4  6.1  0.430599
4  6.3  0.369775
4  6.5  0.318981
4  6.7  0.276192
4  6.9  0.240206
4  7.1  0.209471
4  7.3  0.183331
4  7.5  0.161037
4  7.7  0.141646
4  7.9  0.124963
4  8.1  0.110779
4  8.3  0.0983878
4  8.5  0.0876346
4  8.7  0.0781873
4  8.9  0.0699179
4  9.1  0.0626584
4  9.3  0.0562632
4  9.5  0.0506345
4  9.7  0.0456656
4  9.9  0.0412824
4  10.1  0.0373293
4  10.3  0.0339173
4  10.5  0.0308009
4  10.7  0.0280106
4  10.9  0.025543
4  11.1  0.0233013
4  11.3  0.0212978
4  11.5  0.0194777
4  11.7  0.0178593
4  11.9  0.0164097
6  0.1  718.494
6  0.3  565.152
6  0.5  436.115
6  0.7  327.055
6  0.9  240.526
6  1.1  174.909
6  1.3  126.194
6  1.5  90.8368
6  1.7  65.5113
6  1.9  47.4852
6  2.1  34.678
6  2.3  25.552
6  2.5  19.0283
6  2.7  14.3166
6  2.9  10.8879
6  3.1  8.36945
6  3.3  6.49731
6  3.5  5.09005
6  3.7  4.03143
6  3.9  3.21902
6  4.1  2.59056
6  4.3  2.10207
6  4.5  1.71844
6  4.7  1.41485
6  4.9  1.17199
6  5.1  0.976842
6  5.3  0.819165
6  5.5  0.690599
6  5.7  0.585465
6  5.9  0.498624
6  6.1  0.426475
6  6.3  0.36621
6  6.5  0.315883
6  6.7  0.273772
6  6.9  0.23788
6  7.1  0.207497
6  7.3  0.181571
6  7.5  0.159317
6  7.7  0.14037
6  7.9  0.123807
6  8.1  0.109712
6  8.3  0.0974884
6  8.5  0.0867914
6  8.7  0.0774428
6  8.9  0.0692791
6  9.1  0.062087
6  9.3  0.0556997
6  9.5  0.0501517
6  9.7  0.0452118
6  9.9  0.0408605
6  10.1  0.0369954
6  10.3  0.0335788
6  10.5  0.0305238
6  10.7  0.0277697
6  10.9  0.0252932
6  11.1  0.0230851
6  11.3  0.0210831
6  11.5  0.0192962
6  11.7  0.0176926
6  11.9  0.0162675
8  0.1  712.533
8  0.3  560.39
8  0.5  432.406
8  0.7  324.199
8  0.9  238.313
8  1.1  173.136
8  1.3  124.891
8  1.5  89.8488
8  1.7  64.7669
8  1.9  46.9268
8  2.1  34.2595
8  2.3  25.2361
8  2.5  18.789
8  2.7  14.1338
8  2.9  10.7475
8  3.1  8.26041
8  3.3  6.4122
8  3.5  5.02279
8  3.7  3.97813
8  3.9  3.17607
8  4.1  2.55598
8  4.3  2.07343
8  4.5  1.69526
8  4.7  1.39539
8  4.9  1.15609
8  5.1  0.963631
8  5.3  0.807991
8  5.5  0.681538
8  5.7  0.5776
8  5.9  0.491695
8  6.1  0.42061
8  6.3  0.361144
8  6.5  0.311553
8  6.7  0.269889
8  6.9  0.234682
8  7.1  0.204649
8  7.3  0.179034
8  7.5  0.157281
8  7.7  0.13838
8  7.9  0.122109
8  8.1  0.108219
8  8.3  0.0961308
8  8.5  0.0855006
8  8.7  0.0763649
8  8.9  0.0683256
8  9.1  0.0612206
8  9.3  0.0549418
8  9.5  0.0494726
8  9.7  0.0445995
8  9.9  0.040306
8  10.1  0.0364911
8  10.3  0.0331
8  10.5  0.0300872
8  10.7  0.0273705
8  10.9  0.0249469
8  11.1  0.0227754
8  11.3  0.0207947
8  11.5  0.0190238
8  11.7  0.0174367
8  11.9  0.0160339
10  0.1  704.571
10  0.3  554.237
10  0.5  427.479
10  0.7  320.441
10  0.9  235.413
10  1.1  170.877
10  1.3  123.171
10  1.5  88.5329
10  1.7  63.7878
10  1.9  46.19
10  2.1  33.7123
10  2.3  24.8203
10  2.5  18.4799
10  2.7  13.8938
10  2.9  10.5632
10  3.1  8.1171
10  3.3  6.30033
10  3.5  4.9348
10  3.7  3.90817
10  3.9  3.11989
10  4.1  2.51088
10  4.3  2.03677
10  4.5  1.66514
10  4.7  1.37072
10  4.9  1.13526
10  5.1  0.946283
10  5.3  0.793483
10  5.5  0.669358
10  5.7  0.567185
10  5.9  0.482731
10  6.1  0.412778
10  6.3  0.354717
10  6.5  0.305929
10  6.7  0.26504
10  6.9  0.230351
10  7.1  0.200946
10  7.3  0.175756
10  7.5  0.154404
10  7.7  0.135907
10  7.9  0.119898
10  8.1  0.106239
10  8.3  0.0943936
10  8.5  0.0840129
10  8.7  0.0749409
10  8.9  0.0670211
10  9.1  0.0600815
10  9.3  0.0539294
10  9.5  0.0485369
10  9.7  0.0437727
10  9.9  0.0395482
10  10.1  0.0357975
10  10.3  0.0325081
10  10.5  0.0295409
10  10.7  0.0268793
10  10.9  0.0244768
10  11.1  0.0223438
10  11.3  0.020415
10  11.5  0.0186876
10  11.7  0.0171073
10  11.9  0.0157421
12  0.1  694.413
12  0.3  546.274
12  0.5  421.335
12  0.7  315.669
12  0.9  231.738
12  1.1  168.041
12  1.3  120.996
12  1.5  86.9008
12  1.7  62.5545
12  1.9  45.2626
12  2.1  33.0147
12  2.3  24.2992
12  2.5  18.0834
12  2.7  13.5927
12  2.9  10.3307
12  3.1  7.93783
12  3.3  6.16017
12  3.5  4.82445
12  3.7  3.82039
12  3.9  3.04971
12  4.1  2.45381
12  4.3  1.99093
12  4.5  1.62707
12  4.7  1.33972
12  4.9  1.10948
12  5.1  0.924877
12  5.3  0.775194
12  5.5  0.653928
12  5.7  0.55416
12  5.9  0.47172
12  6.1  0.40352
12  6.3  0.346512
12  6.5  0.298836
12  6.7  0.258836
12  6.9  0.225023
12  7.1  0.196228
12  7.3  0.171711
12  7.5  0.150801
12  7.7  0.132644
12  7.9  0.117109
12  8.1  0.103745
12  8.3  0.0921875
12  8.5  0.0820448
12  8.7  0.0732212
12  8.9  0.0654935
12  9.1  0.0586928
12  9.3  0.0526686
12  9.5  0.0474326
12  9.7  0.0427307
12  9.9  0.0386252
12  10.1  0.0349621
12  10.3  0.0317413
12  10.5  0.0288304
12  10.7  0.0262318
12  10.9  0.0239015
12  11.1  0.0218086
12  11.3  0.0199334
12  11.5  0.0182486
12  11.7  0.0167182
12  11.9  0.015372
14  0.1  682.116
14  0.3  536.359
14  0.5  413.686
14  0.7  309.463
14  0.9  227.173
14  1.1  164.539
14  1.3  118.326
14  1.5  84.8877
14  1.7  61.0446
14  1.9  44.1378
14  2.1  32.1665
14  2.3  23.6604
14  2.5  17.5973
14  2.7  13.2246
14  2.9  10.048
14  3.1  7.71849
14  3.3  5.98903
14  3.5  4.68938
14  3.7  3.71297
14  3.9  2.96335
14  4.1  2.38454
14  4.3  1.93398
14  4.5  1.58072
14  4.7  1.30147
14  4.9  1.07761
14  5.1  0.898094
14  5.3  0.753192
14  5.5  0.634661
14  5.7  0.538306
14  5.9  0.458181
14  6.1  0.39187
14  6.3  0.33648
14  6.5  0.290195
14  6.7  0.251385
14  6.9  0.218522
14  7.1  0.190628
14  7.3  0.166678
14  7.5  0.146379
14  7.7  0.1288
14  7.9  0.113707
14  8.1  0.10073
14  8.3  0.0893707
14  8.5  0.0796507
14  8.7  0.0710699
14  8.9  0.0635358
14  9.1  0.0569617
14  9.3  0.0511491
14  9.5  0.0460096
14  9.7  0.0415096
14  9.9  0.0375254
14  10.1  0.0339463
14  10.3  0.0307826
14  10.5  0.0279652
14  10.7  0.0254627
14  10.9  0.0231976
14  11.1  0.0211721
14  11.3  0.0193465
14  11.5  0.017701
14  11.7  0.0162233
14  11.9  0.0148933
16  0.1  667.084
16  0.3  524.58
16  0.5  404.254
16  0.7  302.423
16  0.9  221.577
16  1.1  160.262
16  1.3  115.073
16  1.5  82.4538
16  1.7  59.2144
16  1.9  42.7713
16  2.1  31.138
16  2.3  22.8901
16  2.5  17.0149
16  2.7  12.7815
16  2.9  9.71259
16  3.1  7.45493
16  3.3  5.78266
16  3.5  4.53082
16  3.7  3.58409
16  3.9  2.86065
16  4.1  2.30098
16  4.3  1.86579
16  4.5  1.52518
16  4.7  1.2554
16  4.9  1.03946
16  5.1  0.86655
16  5.3  0.726255
16  5.5  0.612197
16  5.7  0.519042
16  5.9  0.441725
16  6.1  0.377767
16  6.3  0.324522
16  6.5  0.279837
16  6.7  0.242323
16  6.9  0.210703
16  7.1  0.183797
16  7.3  0.160716
16  7.5  0.14112
16  7.7  0.124204
16  7.9  0.109557
16  8.1  0.0970897
16  8.3  0.0862507
16  8.5  0.0767671
16  8.7  0.0684675
16  8.9  0.0612629
16  9.1  0.0548828
16  9.3  0.0492759
16  9.5  0.0443209
16  9.7  0.0399691
16  9.9  0.036129
16  10.1  0.032716
16  10.3  0.0296685
16  10.5  0.0269456
16  10.7  0.0245274
16  10.9  0.0223558
16  11.1  0.020384
16  11.3  0.0186435
16  11.5  0.0170478
16  11.7  0.0156247
16  11.9  0.0143696
18  0.1  648.593
18  0.3  510.081
18  0.5  392.864
18  0.7  293.581
18  0.9  214.946
18  1.1  155.082
18  1.3  111.16
18  1.5  79.5065
18  1.7  57.013
18  1.9  41.1225
18  2.1  29.9083
18  2.3  21.9662
18  2.5  16.323
18  2.7  12.2522
18  2.9  9.30528
18  3.1  7.14057
18  3.3  5.53711
18  3.5  4.33768
18  3.7  3.43034
18  3.9  2.73711
18  4.1  2.20142
18  4.3  1.7851
18  4.5  1.45892
18  4.7  1.20063
18  4.9  0.994117
18  5.1  0.828398
18  5.3  0.694579
18  5.5  0.585246
18  5.7  0.496228
18  5.9  0.42225
18  6.1  0.361129
18  6.3  0.310199
18  6.5  0.267508
18  6.7  0.231597
18  6.9  0.201268
18  7.1  0.17557
18  7.3  0.153582
18  7.5  0.134786
18  7.7  0.118703
18  7.9  0.104713
18  8.1  0.0927137
18  8.3  0.0823757
18  8.5  0.0732739
18  8.7  0.0654228
18  8.9  0.058525
18  9.1  0.0524179
18  9.3  0.047067
18  9.5  0.0423568
18  9.7  0.038194
18  9.9  0.0345116
18  10.1  0.0312527
18  10.3  0.0283401
18  10.5  0.0257184
18  10.7  0.0234298
18  10.9  0.0213422
18  11.1  0.0194674
18  11.3  0.0177979
18  11.5  0.0162742
18  11.7  0.0149287
18  11.9  0.0137267
20  0.1  626.035
20  0.3  492.195
20  0.5  378.983
20  0.7  282.858
20  0.9  206.483
20  1.1  148.775
20  1.3  106.368
20  1.5  75.9541
20  1.7  54.3625
20  1.9  39.1513
20  2.1  28.4398
20  2.3  20.8806
20  2.5  15.4917
20  2.7  11.626
20  2.9  8.81761
20  3.1  6.76587
20  3.3  5.24465
20  3.5  4.10729
20  3.7  3.24743
20  3.9  2.59052
20  4.1  2.08303
20  4.3  1.68919
20  4.5  1.38022
20  4.7  1.13509
20  4.9  0.940315
20  5.1  0.783248
20  5.3  0.656619
20  5.5  0.55368
20  5.7  0.468965
20  5.9  0.399242
20  6.1  0.341146
20  6.3  0.293158
20  6.5  0.252721
20  6.7  0.218934
20  6.9  0.190119
20  7.1  0.165909
20  7.3  0.144981
20  7.5  0.127351
20  7.7  0.112091
20  7.9  0.0989461
20  8.1  0.0876063
20  8.3  0.077796
20  8.5  0.0691842
20  8.7  0.0617786
20  8.9  0.0552409
20  9.1  0.0495149
20  9.3  0.044432
20  9.5  0.0399899
20  9.7  0.0360569
20  9.9  0.0325674
20  10.1  0.0294925
20  10.3  0.0267566
20  10.5  0.0242828
20  10.7  0.0221162
20  10.9  0.0201534
20  11.1  0.0183816
20  11.3  0.0167858
20  11.5  0.0153564
20  11.7  0.0140777
20  11.9  0.0129545
22  0.1  598.257
22  0.3  470.15
22  0.5  361.756
22  0.7  269.61
22  0.9  196.53
22  1.1  141.083
22  1.3  100.591
22  1.5  71.6414
22  1.7  51.1627
22  1.9  36.7805
22  2.1  26.6777
22  2.3  19.5582
22  2.5  14.4956
22  2.7  10.8694
22  2.9  8.23837
22  3.1  6.31819
22  3.3  4.89424
22  3.5  3.83159
22  3.7  3.0287
22  3.9  2.4154
22  4.1  1.94178
22  4.3  1.57399
22  4.5  1.28592
22  4.7  1.05792
22  4.9  0.875779
22  5.1  0.729511
22  5.3  0.611152
22  5.5  0.515512
22  5.7  0.436601
22  5.9  0.371362
22  6.1  0.317706
22  6.3  0.272789
22  6.5  0.235172
22  6.7  0.203547
22  6.9  0.176928
22  7.1  0.154339
22  7.3  0.134931
22  7.5  0.118376
22  7.7  0.104232
22  7.9  0.0919399
22  8.1  0.0814586
22  8.3  0.0723637
22  8.5  0.0643949
22  8.7  0.057407
22  8.9  0.0513592
22  9.1  0.0459966
22  9.3  0.0413114
22  9.5  0.0371629
22  9.7  0.0334999
22  9.9  0.0302883
22  10.1  0.0273956
22  10.3  0.0248586
22  10.5  0.0225667
22  10.7  0.0205416
22  10.9  0.0187236
22  11.1  0.0170772
22  11.3  0.0156048
22  11.5  0.0142749
22  11.7  0.01308
22  11.9  0.0120276
24  0.1  563.492
24  0.3  442.745
24  0.5  340.339
24  0.7  253.146
24  0.9  183.948
24  1.1  131.585
24  1.3  93.4879
24  1.5  66.3293
24  1.7  47.2585
24  1.9  33.8957
24  2.1  24.5389
24  2.3  17.9492
24  2.5  13.2956
24  2.7  9.95351
24  2.9  7.54191
24  3.1  5.78003
24  3.3  4.47452
24  3.5  3.49906
24  3.7  2.76639
24  3.9  2.20558
24  4.1  1.77263
24  4.3  1.43609
24  4.5  1.17304
24  4.7  0.964773
24  4.9  0.79865
24  5.1  0.665018
24  5.3  0.557282
24  5.5  0.469793
24  5.7  0.397825
24  5.9  0.338603
24  6.1  0.289353
24  6.3  0.248371
24  6.5  0.214045
24  6.7  0.18539
24  6.9  0.161072
24  7.1  0.140446
24  7.3  0.122784
24  7.5  0.107746
24  7.7  0.0948691
24  7.9  0.0836528
24  8.1  0.074083
24  8.3  0.0657955
24  8.5  0.0585559
24  8.7  0.0522123
24  8.9  0.0467103
24  9.1  0.0418365
24  9.3  0.037565
24  9.5  0.0337747
24  9.7  0.0304661
24  9.9  0.0274963
24  10.1  0.0248992
24  10.3  0.0225972
24  10.5  0.0205264
24  10.7  0.0186762
24  10.9  0.0169984
24  11.1  0.0155279
24  11.3  0.0141829
24  11.5  0.0129704
24  11.7  0.0118745
24  11.9  0.0109324
26  0.1  519.219
26  0.3  408.011
26  0.5  313.223
26  0.7  232.479
26  0.9  168.171
26  1.1  119.838
26  1.3  84.6865
26  1.5  59.8639
26  1.7  42.4802
26  1.9  30.3728
26  2.1  21.9404
26  2.3  16.0251
26  2.5  11.842
26  2.7  8.85464
26  2.9  6.7018
26  3.1  5.13054
26  3.3  3.96663
26  3.5  3.10468
26  3.7  2.45149
26  3.9  1.95307
26  4.1  1.56885
26  4.3  1.27088
26  4.5  1.03783
26  4.7  0.85301
26  4.9  0.705867
26  5.1  0.587641
26  5.3  0.492081
26  5.5  0.414826
26  5.7  0.351256
26  5.9  0.298916
26  6.1  0.255276
26  6.3  0.219172
26  6.5  0.188938
26  6.7  0.163504
26  6.9  0.142024
26  7.1  0.123838
26  7.3  0.108253
26  7.5  0.0949893
26  7.7  0.0835535
26  7.9  0.0737439
26  8.1  0.0653031
26  8.3  0.0579418
26  8.5  0.0515881
26  8.7  0.0460176
26  8.9  0.0411405
26  9.1  0.0368438
26  9.3  0.0330532
26  9.5  0.0297494
26  9.7  0.0268112
26  9.9  0.0242226
26  10.1  0.0219231
26  10.3  0.0198856
26  10.5  0.0180538
26  10.7  0.0164329
26  10.9  0.0149608
26  11.1  0.0136603
26  11.3  0.0124778
26  11.5  0.0114182
26  11.7  0.0104647
26  11.9  0.00961442
28  0.1  463.286
28  0.3  363.645
28  0.5  278.778
28  0.7  206.164
28  0.9  148.374
28  1.1  105.022
28  1.3  73.8558
28  1.5  51.9244
28  1.7  36.6762
28  1.9  26.1219
28  2.1  18.8102
28  2.3  13.7037
28  2.5  10.1007
28  2.7  7.54573
28  2.9  5.70273
28  3.1  4.35992
28  3.3  3.36842
28  3.5  2.63183
28  3.7  2.07648
28  3.9  1.6533
28  4.1  1.3271
28  4.3  1.0747
28  4.5  0.877169
28  4.7  0.720632
28  4.9  0.596069
28  5.1  0.495981
28  5.3  0.415159
28  5.5  0.349789
28  5.7  0.296157
28  5.9  0.251784
28  6.1  0.214978
28  6.3  0.184501
28  6.5  0.158997
28  6.7  0.13764
28  6.9  0.119564
28  7.1  0.104136
28  7.3  0.0910188
28  7.5  0.0799082
28  7.7  0.0702353
28  7.9  0.0619193
28  8.1  0.0548425
28  8.3  0.0487167
28  8.5  0.0433481
28  8.7  0.0386407
28  8.9  0.0345486
28  9.1  0.0309506
28  9.3  0.0277565
28  9.5  0.0249673
28  9.7  0.0224944
28  9.9  0.0203271
28  10.1  0.0184034
28  10.3  0.0166872
28  10.5  0.015147
28  10.7  0.0137837
28  10.9  0.0125567
28  11.1  0.011448
28  11.3  0.010462
28  11.5  0.00957271
28  11.7  0.00877313
28  11.9  0.00805734
30  0.1  394.09
30  0.3  309.371
30  0.5  236.57
30  0.7  173.951
30  0.9  124.273
30  1.1  87.3023
30  1.3  60.9046
30  1.5  42.5283
30  1.7  29.8581
30  1.9  21.1682
30  2.1  15.1814
30  2.3  11.0182
30  2.5  8.10115
30  2.7  6.03862
30  2.9  4.55496
30  3.1  3.47543
30  3.3  2.68179
30  3.5  2.09345
30  3.7  1.64967
30  3.9  1.31129
30  4.1  1.05196
30  4.3  0.851394
30  4.5  0.694083
30  4.7  0.570075
30  4.9  0.470618
30  5.1  0.391737
30  5.3  0.327937
30  5.5  0.276085
30  5.7  0.233551
30  5.9  0.198481
30  6.1  0.169471
30  6.3  0.145335
30  6.5  0.12513
30  6.7  0.108227
30  6.9  0.0939935
30  7.1  0.0818727
30  7.3  0.0716317
30  7.5  0.062774
30  7.7  0.0552217
30  7.9  0.0486868
30  8.1  0.0431102
30  8.3  0.0382136
30  8.5  0.0340055
30  8.7  0.0303278
30  8.9  0.0271045
30  9.1  0.0242519
30  9.3  0.0217759
30  9.5  0.019568
30  9.7  0.0176364
30  9.9  0.015937
30  10.1  0.0144128
30  10.3  0.0130747
30  10.5  0.011881
30  10.7  0.0107971
30  10.9  0.00983106
30  11.1  0.00896985
30  11.3  0.00819709
30  11.5  0.00749462
30  11.7  0.00686426
30  11.9  0.00631352
32  0.1  313.894
32  0.3  246.165
32  0.5  187.835
32  0.7  137.146
32  0.9  97.0427
32  1.1  67.4743
32  1.3  46.5955
32  1.5  32.2653
32  1.7  22.4982
32  1.9  15.852
32  2.1  11.312
32  2.3  8.17727
32  2.5  5.99211
32  2.7  4.4527
32  2.9  3.35017
32  3.1  2.54905
32  3.3  1.96434
32  3.5  1.53086
32  3.7  1.20506
32  3.9  0.954621
32  4.1  0.764554
32  4.3  0.619041
32  4.5  0.504449
32  4.7  0.413698
32  4.9  0.341479
32  5.1  0.283591
32  5.3  0.237217
32  5.5  0.199575
32  5.7  0.16878
32  5.9  0.143367
32  6.1  0.122305
32  6.3  0.104698
32  6.5  0.0902006
32  6.7  0.0780508
32  6.9  0.0676876
32  7.1  0.0589042
32  7.3  0.0514407
32  7.5  0.0451252
32  7.7  0.0396539
32  7.9  0.0349596
32  8.1  0.0309158
32  8.3  0.0274395
32  8.5  0.0244153
32  8.7  0.0217216
32  8.9  0.0194134
32  9.1  0.0174076
32  9.3  0.0156064
32  9.5  0.0140204
32  9.7  0.0126268
32  9.9  0.0114126
32  10.1  0.0103026
32  10.3  0.0093618
32  10.5  0.0084936
32  10.7  0.00772781
32  10.9  0.00702693
32  11.1  0.00642608
32  11.3  0.00586181
32  11.5  0.00536502
32  11.7  0.00491702
32  11.9  0.00451612
34  0.1  231.739
34  0.3  181.745
34  0.5  138.136
34  0.7  99.9872
34  0.9  69.9687
34  1.1  48.0342
34  1.3  32.8164
34  1.5  22.5047
34  1.7  15.5548
34  1.9  10.8777
34  2.1  7.71727
34  2.3  5.55074
34  2.5  4.04923
34  2.7  2.99604
34  2.9  2.24647
34  3.1  1.70547
34  3.3  1.31008
34  3.5  1.01857
34  3.7  0.799884
34  3.9  0.633646
34  4.1  0.506948
34  4.3  0.408851
34  4.5  0.33255
34  4.7  0.272524
34  4.9  0.224719
34  5.1  0.186276
34  5.3  0.155652
34  5.5  0.130715
34  5.7  0.110322
34  5.9  0.0937723
34  6.1  0.0799398
34  6.3  0.0684537
34  6.5  0.0588639
34  6.7  0.0508362
34  6.9  0.0441163
34  7.1  0.0384399
34  7.3  0.0335256
34  7.5  0.0293574
34  7.7  0.0258061
34  7.9  0.0227029
34  8.1  0.0201094
34  8.3  0.0178528
34  8.5  0.0158898
34  8.7  0.0141592
34  8.9  0.012654
34  9.1  0.0113327
34  9.3  0.0101941
34  9.5  0.00914999
34  9.7  0.0085856
34  9.9  0.0069549
34  10.1  0.00691394
34  10.3  0.0061111
34  10.5  0.00557318
34  10.7  0.00507994
34  10.9  0.00463782
34  11.1  0.00424122
34  11.3  0.00387159
34  11.5  0.00354358
34  11.7  0.00325195
34  11.9  0.00299622
