# fragmentation : BCFY (r=0.1)
# channel       : An0n
#   dipole file dir       : data/Pb/bk_posterior/member_0048/glauber_mve_<b>
#   pD0 loop             : 0.1 to 12.0 GeV, step 0.2
#   fixed rapidity y      : 1.0
# ============================================================
# b  pD0  dsigma_dyd2pD0
0  0.1  998.902
0  0.3  780.167
0  0.5  607.635
0  0.7  466.049
0  0.9  354.2
0  1.1  268.092
0  1.3  202.839
0  1.5  153.663
0  1.7  116.574
0  1.9  88.7547
0  2.1  67.7928
0  2.3  52.0462
0  2.5  40.1528
0  2.7  31.1528
0  2.9  24.3105
0  3.1  19.1006
0  3.3  15.0921
0  3.5  12.0109
0  3.7  9.61093
0  3.9  7.74584
0  4.1  6.27681
0  4.3  5.1152
0  4.5  4.19089
0  4.7  3.45211
0  4.9  2.85811
0  5.1  2.37812
0  5.3  1.98706
0  5.5  1.66859
0  5.7  1.40649
0  5.9  1.19008
0  6.1  1.01129
0  6.3  0.862446
0  6.5  0.738355
0  6.7  0.633754
0  6.9  0.545977
0  7.1  0.471577
0  7.3  0.408894
0  7.5  0.355358
0  7.7  0.30967
0  7.9  0.270513
0  8.1  0.236887
0  8.3  0.207937
0  8.5  0.182824
0  8.7  0.161182
0  8.9  0.142447
0  9.1  0.126144
0  9.3  0.112012
0  9.5  0.0994974
0  9.7  0.0885974
0  9.9  0.0790222
0  10.1  0.0705998
0  10.3  0.0631894
0  10.5  0.0566277
0  10.7  0.0507999
0  10.9  0.045698
0  11.1  0.0411708
0  11.3  0.0371039
0  11.5  0.0334978
0  11.7  0.0302828
0  11.9  0.0274183
2  0.1  998.015
2  0.3  779.465
2  0.5  607.084
2  0.7  465.622
2  0.9  353.866
2  1.1  267.831
2  1.3  202.633
2  1.5  153.5
2  1.7  116.445
2  1.9  88.6521
2  2.1  67.7112
2  2.3  51.9813
2  2.5  40.1011
2  2.7  31.1115
2  2.9  24.2802
2  3.1  19.0741
2  3.3  15.0708
2  3.5  11.9936
2  3.7  9.59693
2  3.9  7.7344
2  4.1  6.26744
2  4.3  5.10748
2  4.5  4.18452
2  4.7  3.44682
2  4.9  2.85371
2  5.1  2.37442
2  5.3  1.98394
2  5.5  1.66597
2  5.7  1.40426
2  5.9  1.18819
2  6.1  1.00968
2  6.3  0.861067
2  6.5  0.737167
2  6.7  0.63273
2  6.9  0.545091
2  7.1  0.470809
2  7.3  0.408226
2  7.5  0.354776
2  7.7  0.309161
2  7.9  0.270067
2  8.1  0.236496
2  8.3  0.207593
2  8.5  0.18252
2  8.7  0.160914
2  8.9  0.142209
2  9.1  0.125933
2  9.3  0.111822
2  9.5  0.0993282
2  9.7  0.0884485
2  9.9  0.0788897
2  10.1  0.0704809
2  10.3  0.0630826
2  10.5  0.0565323
2  10.7  0.050714
2  10.9  0.0456206
2  11.1  0.0411021
2  11.3  0.0370411
2  11.5  0.0334408
2  11.7  0.0302307
2  11.9  0.0273718
4  0.1  995.337
4  0.3  777.345
4  0.5  605.421
4  0.7  464.333
4  0.9  352.86
4  1.1  267.043
4  1.3  202.013
4  1.5  153.009
4  1.7  116.056
4  1.9  88.3422
4  2.1  67.4649
4  2.3  51.7854
4  2.5  39.9451
4  2.7  30.9868
4  2.9  24.1809
4  3.1  18.994
4  3.3  15.0067
4  3.5  11.9417
4  3.7  9.55475
4  3.9  7.7001
4  4.1  6.23923
4  4.3  5.08428
4  4.5  4.16533
4  4.7  3.43087
4  4.9  2.84043
4  5.1  2.36327
4  5.3  1.97458
4  5.5  1.65805
4  5.7  1.39756
4  5.9  1.18249
4  6.1  1.0048
4  6.3  0.856885
4  6.5  0.733574
4  6.7  0.629638
4  6.9  0.542414
4  7.1  0.468504
4  7.3  0.406197
4  7.5  0.353021
4  7.7  0.30763
4  7.9  0.268723
4  8.1  0.235316
4  8.3  0.206555
4  8.5  0.181606
4  8.7  0.160104
4  8.9  0.141491
4  9.1  0.125295
4  9.3  0.111255
4  9.5  0.0988246
4  9.7  0.0879995
4  9.9  0.0784881
4  10.1  0.0701215
4  10.3  0.0627606
4  10.5  0.0562432
4  10.7  0.0504541
4  10.9  0.0453871
4  11.1  0.0408906
4  11.3  0.0368512
4  11.5  0.033269
4  11.7  0.0300761
4  11.9  0.0272313
6  0.1  990.817
6  0.3  773.766
6  0.5  602.614
6  0.7  462.156
6  0.9  351.159
6  1.1  265.713
6  1.3  200.966
6  1.5  152.18
6  1.7  115.397
6  1.9  87.8196
6  2.1  67.0495
6  2.3  51.4548
6  2.5  39.6821
6  2.7  30.7774
6  2.9  24.0136
6  3.1  18.8595
6  3.3  14.8983
6  3.5  11.8542
6  3.7  9.48369
6  3.9  7.64202
6  4.1  6.19167
6  4.3  5.04515
6  4.5  4.13296
6  4.7  3.40399
6  4.9  2.81803
6  5.1  2.34449
6  5.3  1.95878
6  5.5  1.64396
6  5.7  1.38625
6  5.9  1.17288
6  6.1  0.996599
6  6.3  0.849859
6  6.5  0.727536
6  6.7  0.624437
6  6.9  0.537916
6  7.1  0.464593
6  7.3  0.402808
6  7.5  0.350066
6  7.7  0.305048
6  7.9  0.266466
6  8.1  0.233336
6  8.3  0.204812
6  8.5  0.180069
6  8.7  0.158746
6  8.9  0.140286
6  9.1  0.124225
6  9.3  0.110304
6  9.5  0.0979776
6  9.7  0.0872436
6  9.9  0.0778129
6  10.1  0.0695168
6  10.3  0.0622181
6  10.5  0.0557558
6  10.7  0.0500163
6  10.9  0.0449925
6  11.1  0.0405339
6  11.3  0.0365305
6  11.5  0.0329794
6  11.7  0.029814
6  11.9  0.0269933
8  0.1  984.33
8  0.3  768.636
8  0.5  598.598
8  0.7  459.041
8  0.9  348.726
8  1.1  263.81
8  1.3  199.468
8  1.5  150.995
8  1.7  114.458
8  1.9  87.0731
8  2.1  66.4569
8  2.3  50.9835
8  2.5  39.3071
8  2.7  30.4782
8  2.9  23.774
8  3.1  18.6676
8  3.3  14.7442
8  3.5  11.7296
8  3.7  9.38256
8  3.9  7.56044
8  4.1  6.12405
8  4.3  4.98954
8  4.5  4.087
8  4.7  3.36582
8  4.9  2.78622
8  5.1  2.31784
8  5.3  1.93635
8  5.5  1.62504
8  5.7  1.37021
8  5.9  1.15925
8  6.1  0.984955
8  6.3  0.839886
8  6.5  0.718964
8  6.7  0.617055
8  6.9  0.531529
8  7.1  0.459062
8  7.3  0.398004
8  7.5  0.345866
8  7.7  0.301373
8  7.9  0.263244
8  8.1  0.230505
8  8.3  0.20232
8  8.5  0.177872
8  8.7  0.156803
8  8.9  0.13857
8  9.1  0.122702
8  9.3  0.108948
8  9.5  0.0967713
8  9.7  0.0861678
8  9.9  0.0768515
8  10.1  0.068656
8  10.3  0.0614474
8  10.5  0.0550643
8  10.7  0.0493957
8  10.9  0.0444325
8  11.1  0.0400277
8  11.3  0.0360742
8  11.5  0.0325668
8  11.7  0.0294399
8  11.9  0.0266545
10  0.1  975.723
10  0.3  762.093
10  0.5  593.283
10  0.7  454.915
10  0.9  345.505
10  1.1  261.291
10  1.3  197.486
10  1.5  149.426
10  1.7  113.216
10  1.9  86.0867
10  2.1  65.6739
10  2.3  50.3614
10  2.5  38.8122
10  2.7  30.0847
10  2.9  23.4561
10  3.1  18.4153
10  3.3  14.541
10  3.5  11.5656
10  3.7  9.24943
10  3.9  7.45172
10  4.1  6.03511
10  4.3  4.91633
10  4.5  4.02648
10  4.7  3.31556
10  4.9  2.74435
10  5.1  2.28275
10  5.3  1.90687
10  5.5  1.60013
10  5.7  1.34909
10  5.9  1.14131
10  6.1  0.969636
10  6.3  0.82676
10  6.5  0.707466
10  6.7  0.607341
10  6.9  0.523129
10  7.1  0.451783
10  7.3  0.391666
10  7.5  0.340346
10  7.7  0.296559
10  7.9  0.259027
10  8.1  0.226803
10  8.3  0.199059
10  8.5  0.174998
10  8.7  0.154266
10  8.9  0.136318
10  9.1  0.120706
10  9.3  0.107172
10  9.5  0.0951905
10  9.7  0.0847572
10  9.9  0.0755911
10  10.1  0.0675283
10  10.3  0.0604357
10  10.5  0.0541561
10  10.7  0.0485794
10  10.9  0.0436973
10  11.1  0.0393652
10  11.3  0.0354749
10  11.5  0.0320241
10  11.7  0.0289486
10  11.9  0.0262096
12  0.1  964.773
12  0.3  753.452
12  0.5  586.528
12  0.7  449.628
12  0.9  341.411
12  1.1  258.091
12  1.3  195.022
12  1.5  147.435
12  1.7  111.641
12  1.9  84.8363
12  2.1  64.6829
12  2.3  49.5746
12  2.5  38.1869
12  2.7  29.5868
12  2.9  23.0617
12  3.1  18.0966
12  3.3  14.2848
12  3.5  11.3589
12  3.7  9.08175
12  3.9  7.31074
12  4.1  5.92314
12  4.3  4.82414
12  4.5  3.95034
12  4.7  3.25201
12  4.9  2.69167
12  5.1  2.23862
12  5.3  1.86978
12  5.5  1.56884
12  5.7  1.32256
12  5.9  1.11876
12  6.1  0.950384
12  6.3  0.810281
12  6.5  0.693321
12  6.7  0.595252
12  6.9  0.512565
12  7.1  0.442628
12  7.3  0.383543
12  7.5  0.333405
12  7.7  0.290491
12  7.9  0.253713
12  8.1  0.222137
12  8.3  0.194954
12  8.5  0.171378
12  8.7  0.151065
12  8.9  0.133566
12  9.1  0.118192
12  9.3  0.104934
12  9.5  0.0931998
12  9.7  0.0829811
12  9.9  0.0740046
12  10.1  0.0661089
12  10.3  0.0591626
12  10.5  0.0530497
12  10.7  0.0475526
12  10.9  0.0427963
12  11.1  0.0385305
12  11.3  0.0347232
12  11.5  0.0313455
12  11.7  0.0283345
12  11.9  0.0256447
14  0.1  951.155
14  0.3  742.663
14  0.5  578.133
14  0.7  443.081
14  0.9  336.326
14  1.1  254.121
14  1.3  191.9
14  1.5  144.969
14  1.7  109.693
14  1.9  83.2914
14  2.1  63.459
14  2.3  48.604
14  2.5  37.4166
14  2.7  28.9744
14  2.9  22.5692
14  3.1  17.705
14  3.3  13.9699
14  3.5  11.106
14  3.7  8.87572
14  3.9  7.14301
14  4.1  5.78561
14  4.3  4.71101
14  4.5  3.85691
14  4.7  3.17455
14  4.9  2.62707
14  5.1  2.18453
14  5.3  1.82433
14  5.5  1.53048
14  5.7  1.29004
14  5.9  1.09113
14  6.1  0.926799
14  6.3  0.790092
14  6.5  0.675949
14  6.7  0.580308
14  6.9  0.499647
14  7.1  0.43144
14  7.3  0.373996
14  7.5  0.324937
14  7.7  0.283085
14  7.9  0.247229
14  8.1  0.216447
14  8.3  0.189827
14  8.5  0.166964
14  8.7  0.147167
14  8.9  0.130112
14  9.1  0.115131
14  9.3  0.102213
14  9.5  0.090777
14  9.7  0.0808202
14  9.9  0.0720734
14  10.1  0.0643805
14  10.3  0.057613
14  10.5  0.051627
14  10.7  0.0463026
14  10.9  0.0416685
14  11.1  0.037513
14  11.3  0.0338048
14  11.5  0.0305147
14  11.7  0.0275828
14  11.9  0.0249637
16  0.1  934.379
16  0.3  729.47
16  0.5  567.816
16  0.7  435.044
16  0.9  330.086
16  1.1  249.25
16  1.3  188.072
16  1.5  141.947
16  1.7  107.31
16  1.9  81.4032
16  2.1  61.966
16  2.3  47.4215
16  2.5  36.4789
16  2.7  28.2297
16  2.9  21.975
16  3.1  17.2297
16  3.3  13.5879
16  3.5  10.798
16  3.7  8.62615
16  3.9  6.9399
16  4.1  5.61914
16  4.3  4.57412
16  4.5  3.7429
16  4.7  3.0809
16  4.9  2.54895
16  5.1  2.1193
16  5.3  1.76939
16  5.5  1.48414
16  5.7  1.25077
16  5.9  1.05777
16  6.1  0.898335
16  6.3  0.765717
16  6.5  0.655015
16  6.7  0.562264
16  6.9  0.484049
16  7.1  0.417925
16  7.3  0.362065
16  7.5  0.314695
16  7.7  0.274136
16  7.9  0.239389
16  8.1  0.209565
16  8.3  0.183776
16  8.5  0.161629
16  8.7  0.142452
16  8.9  0.125935
16  9.1  0.111483
16  9.3  0.0988393
16  9.5  0.0878426
16  9.7  0.078204
16  9.9  0.0697374
16  10.1  0.0622901
16  10.3  0.0557378
16  10.5  0.0499458
16  10.7  0.0448142
16  10.9  0.0403047
16  11.1  0.0362829
16  11.3  0.0326949
16  11.5  0.0295109
16  11.7  0.0266736
16  11.9  0.0241392
18  0.1  913.839
18  0.3  713.322
18  0.5  555.153
18  0.7  425.198
18  0.9  322.449
18  1.1  243.292
18  1.3  183.396
18  1.5  138.261
18  1.7  104.406
18  1.9  79.107
18  2.1  60.1716
18  2.3  45.9869
18  2.5  35.3434
18  2.7  27.3284
18  2.9  21.2571
18  3.1  16.6563
18  3.3  13.1274
18  3.5  10.4265
18  3.7  8.32553
18  3.9  6.69524
18  4.1  5.41881
18  4.3  4.40777
18  4.5  3.60756
18  4.7  2.96834
18  4.9  2.4551
18  5.1  2.0408
18  5.3  1.70336
18  5.5  1.42848
18  5.7  1.20361
18  5.9  1.01772
18  6.1  0.864155
18  6.3  0.736447
18  6.5  0.629878
18  6.7  0.540601
18  6.9  0.46534
18  7.1  0.401721
18  7.3  0.347974
18  7.5  0.30242
18  7.7  0.263411
18  7.9  0.230006
18  8.1  0.201193
18  8.3  0.176531
18  8.5  0.155244
18  8.7  0.136815
18  8.9  0.120941
18  9.1  0.107071
18  9.3  0.0949041
18  9.5  0.0843388
18  9.7  0.0750784
18  9.9  0.0669443
18  10.1  0.0597914
18  10.3  0.0535234
18  10.5  0.0479541
18  10.7  0.0429844
18  10.9  0.0386751
18  11.1  0.034797
18  11.3  0.0313686
18  11.5  0.0283123
18  11.7  0.0255882
18  11.9  0.0231563
20  0.1  888.503
20  0.3  693.455
20  0.5  539.584
20  0.7  413.144
20  0.9  313.068
20  1.1  235.974
20  1.3  177.66
20  1.5  133.748
20  1.7  100.858
20  1.9  76.3038
20  2.1  57.9643
20  2.3  44.2444
20  2.5  33.966
20  2.7  26.2365
20  2.9  20.3886
20  3.1  15.963
20  3.3  12.5718
20  3.5  9.97382
20  3.7  7.96333
20  3.9  6.4006
20  4.1  5.17934
20  4.3  4.21012
20  4.5  3.44461
20  4.7  2.83304
20  4.9  2.34239
20  5.1  1.94647
20  5.3  1.62412
20  5.5  1.36174
20  5.7  1.14709
20  5.9  0.969716
20  6.1  0.823217
20  6.3  0.701406
20  6.5  0.59979
20  6.7  0.514678
20  6.9  0.442936
20  7.1  0.382318
20  7.3  0.331115
20  7.5  0.287726
20  7.7  0.250569
20  7.9  0.218768
20  8.1  0.191336
20  8.3  0.167859
20  8.5  0.147598
20  8.7  0.130063
20  8.9  0.114957
20  9.1  0.101762
20  9.3  0.090192
20  9.5  0.0801973
20  9.7  0.0713368
20  9.9  0.0636036
20  10.1  0.0568057
20  10.3  0.0508416
20  10.5  0.0455485
20  10.7  0.0408235
20  10.9  0.036727
20  11.1  0.0330422
20  11.3  0.0297844
20  11.5  0.026881
20  11.7  0.0242937
20  11.9  0.0219827
22  0.1  857.187
22  0.3  668.715
22  0.5  520.225
22  0.7  398.114
22  0.9  301.419
22  1.1  226.894
22  1.3  170.556
22  1.5  128.176
22  1.7  96.4931
22  1.9  72.8613
22  2.1  55.2562
22  2.3  42.1112
22  2.5  32.2829
22  2.7  24.9045
22  2.9  19.3314
22  3.1  15.1201
22  3.3  11.9045
22  3.5  9.43052
22  3.7  7.52421
22  3.9  6.04364
22  4.1  4.88648
22  4.3  3.97104
22  4.5  3.2475
22  4.7  2.66965
22  4.9  2.20627
22  5.1  1.83257
22  5.3  1.52861
22  5.5  1.28123
22  5.7  1.07892
22  5.9  0.911814
22  6.1  0.773872
22  6.3  0.659161
22  6.5  0.563535
22  6.7  0.483441
22  6.9  0.415968
22  7.1  0.358964
22  7.3  0.31097
22  7.5  0.270038
22  7.7  0.235119
22  7.9  0.205241
22  8.1  0.179478
22  8.3  0.157426
22  8.5  0.138405
22  8.7  0.121947
22  8.9  0.107771
22  9.1  0.0953864
22  9.3  0.0845299
22  9.5  0.0751032
22  9.7  0.0668447
22  9.9  0.0595896
22  10.1  0.0532148
22  10.3  0.04762
22  10.5  0.0426539
22  10.7  0.0382288
22  10.9  0.0343714
22  11.1  0.0309369
22  11.3  0.027884
22  11.5  0.025164
22  11.7  0.0227368
22  11.9  0.0205734
24  0.1  817.317
24  0.3  637.516
24  0.5  495.778
24  0.7  379.152
24  0.9  286.715
24  1.1  215.551
24  1.3  161.598
24  1.5  121.197
24  1.7  91.0259
24  1.9  68.5778
24  2.1  51.896
24  2.3  39.4723
24  2.5  30.2053
24  2.7  23.2639
24  2.9  18.0323
24  3.1  14.0862
24  3.3  11.0712
24  3.5  8.7663
24  3.7  6.98792
24  3.9  5.60824
24  4.1  4.53087
24  4.3  3.67986
24  4.5  3.00728
24  4.7  2.47078
24  4.9  2.04079
24  5.1  1.69417
24  5.3  1.41261
24  5.5  1.18398
24  5.7  0.99617
24  5.9  0.841612
24  6.1  0.714016
24  6.3  0.607965
24  6.5  0.519593
24  6.7  0.445588
24  6.9  0.383289
24  7.1  0.330683
24  7.3  0.28639
24  7.5  0.248628
24  7.7  0.216423
24  7.9  0.18887
24  8.1  0.165238
24  8.3  0.14482
24  8.5  0.127287
24  8.7  0.11213
24  8.9  0.0990825
24  9.1  0.0876212
24  9.3  0.0776873
24  9.5  0.0690121
24  9.7  0.061415
24  9.9  0.054743
24  10.1  0.0489111
24  10.3  0.0437377
24  10.5  0.0391703
24  10.7  0.0351179
24  10.9  0.0315532
24  11.1  0.0284117
24  11.3  0.0255936
24  11.5  0.0230928
24  11.7  0.0208655
24  11.9  0.0188753
26  0.1  766.308
26  0.3  597.426
26  0.5  464.394
26  0.7  354.818
26  0.9  267.867
26  1.1  200.949
26  1.3  150.234
26  1.5  112.347
26  1.7  84.1148
26  1.9  63.1859
26  2.1  47.6809
26  2.3  36.1742
26  2.5  27.6172
26  2.7  21.2247
26  2.9  16.4258
26  3.1  12.807
26  3.3  10.052
26  3.5  7.94766
26  3.7  6.3279
26  3.9  5.07306
26  4.1  4.09275
26  4.3  3.32223
26  4.5  2.71272
26  4.7  2.22696
26  4.9  1.83842
26  5.1  1.52524
26  5.3  1.27092
26  5.5  1.06456
26  5.7  0.894929
26  5.9  0.755985
26  6.1  0.641058
26  6.3  0.545639
26  6.5  0.466083
26  6.7  0.39954
26  6.9  0.343559
26  7.1  0.296294
26  7.3  0.256508
26  7.5  0.222609
26  7.7  0.193707
26  7.9  0.168991
26  8.1  0.147702
26  8.3  0.129493
26  8.5  0.113788
26  8.7  0.100214
26  8.9  0.0885296
26  9.1  0.0783275
26  9.3  0.0693811
26  9.5  0.0616194
26  9.7  0.0548279
26  9.9  0.0488637
26  10.1  0.0436523
26  10.3  0.0390305
26  10.5  0.0349092
26  10.7  0.0313112
26  10.9  0.0281295
26  11.1  0.0253223
26  11.3  0.0228191
26  11.5  0.0205863
26  11.7  0.0185977
26  11.9  0.0168219
28  0.1  699.952
28  0.3  545.536
28  0.5  423.794
28  0.7  323.362
28  0.9  243.571
28  1.1  182.13
28  1.3  135.764
28  1.5  101.069
28  1.7  75.3677
28  1.9  56.383
28  2.1  42.3908
28  2.3  32.0529
28  2.5  24.3963
28  2.7  18.6974
28  2.9  14.4354
28  3.1  11.2305
28  3.3  8.79905
28  3.5  6.94316
28  3.7  5.51964
28  3.9  4.41882
28  4.1  3.56017
28  4.3  2.88629
28  4.5  2.35376
28  4.7  1.93044
28  4.9  1.59238
28  5.1  1.31986
28  5.3  1.09904
28  5.5  0.919508
28  5.7  0.772714
28  5.9  0.652326
28  6.1  0.55281
28  6.3  0.470271
28  6.5  0.401439
28  6.7  0.343898
28  6.9  0.295567
28  7.1  0.254767
28  7.3  0.220465
28  7.5  0.191237
28  7.7  0.166326
28  7.9  0.145037
28  8.1  0.126789
28  8.3  0.111107
28  8.5  0.0975444
28  8.7  0.085874
28  8.9  0.0757883
28  9.1  0.0670305
28  9.3  0.0594564
28  9.5  0.0527881
28  9.7  0.0469177
28  9.9  0.0418037
28  10.1  0.0373118
28  10.3  0.0333745
28  10.5  0.0298451
28  10.7  0.0267615
28  10.9  0.0240351
28  11.1  0.0216316
28  11.3  0.0194872
28  11.5  0.0175763
28  11.7  0.0158736
28  11.9  0.0143579
30  0.1  615.427
30  0.3  479.387
30  0.5  372.073
30  0.7  283.371
30  0.9  212.801
30  1.1  158.487
30  1.3  117.433
30  1.5  86.9917
30  1.7  64.5056
30  1.9  48.0096
30  2.1  35.92
30  2.3  27.0393
30  2.5  20.4964
30  2.7  15.6528
30  2.9  12.0458
30  3.1  9.34518
30  3.3  7.30161
30  3.5  5.75091
30  3.7  4.56075
30  3.9  3.64389
30  4.1  2.93094
30  4.3  2.3722
30  4.5  1.93154
30  4.7  1.58199
30  4.9  1.30323
30  5.1  1.07904
30  5.3  0.897568
30  5.5  0.75018
30  5.7  0.629811
30  5.9  0.531242
30  6.1  0.449805
30  6.3  0.382359
30  6.5  0.326112
30  6.7  0.279168
30  6.9  0.239913
30  7.1  0.206507
30  7.3  0.178597
30  7.5  0.154817
30  7.7  0.134563
30  7.9  0.117278
30  8.1  0.102458
30  8.3  0.0897382
30  8.5  0.0787362
30  8.7  0.0692897
30  8.9  0.0611244
30  9.1  0.054082
30  9.3  0.0479095
30  9.5  0.0425237
30  9.7  0.0377834
30  9.9  0.0336534
30  10.1  0.0300275
30  10.3  0.026824
30  10.5  0.0240035
30  10.7  0.0215154
30  10.9  0.0193179
30  11.1  0.0173784
30  11.3  0.0156479
30  11.5  0.0141088
30  11.7  0.012736
30  11.9  0.0115139
32  0.1  513.265
32  0.3  399.515
32  0.5  309.846
32  0.7  235.395
32  0.9  175.98
32  1.1  130.276
32  1.3  95.916
32  1.5  70.5504
32  1.7  51.932
32  1.9  38.3858
32  2.1  28.5318
32  2.3  21.3593
32  2.5  16.1097
32  2.7  12.2464
32  2.9  9.38485
32  3.1  7.24912
32  3.3  5.64936
32  3.5  4.43563
32  3.7  3.5075
32  3.9  2.79673
32  4.1  2.24404
32  4.3  1.81197
32  4.5  1.47246
32  4.7  1.20389
32  4.9  0.990094
32  5.1  0.818445
32  5.3  0.679786
32  5.5  0.567347
32  5.7  0.475786
32  5.9  0.40071
32  6.1  0.338893
32  6.3  0.2877
32  6.5  0.245157
32  6.7  0.209616
32  6.9  0.179856
32  7.1  0.154788
32  7.3  0.133754
32  7.5  0.115767
32  7.7  0.100604
32  7.9  0.0875656
32  8.1  0.0764866
32  8.3  0.0669145
32  8.5  0.0587049
32  8.7  0.0516228
32  8.9  0.0455144
32  9.1  0.0402436
32  9.3  0.0356347
32  9.5  0.031611
32  9.7  0.0280937
32  9.9  0.0249912
32  10.1  0.0222887
32  10.3  0.0199178
32  10.5  0.0177983
32  10.7  0.0159439
32  10.9  0.0143164
32  11.1  0.0128664
32  11.3  0.0115798
32  11.5  0.0104338
32  11.7  0.00941341
32  11.9  0.0085039
34  0.1  403.017
34  0.3  313.566
34  0.5  242.804
34  0.7  183.829
34  0.9  136.645
34  1.1  100.386
34  1.3  73.3123
34  1.5  53.4101
34  1.7  38.9912
34  1.9  28.5799
34  2.1  21.0772
34  2.3  15.6702
34  2.5  11.7455
34  2.7  8.87864
34  2.9  6.76901
34  3.1  5.20636
34  3.3  4.03924
34  3.5  3.15966
34  3.7  2.48985
34  3.9  1.97928
34  4.1  1.58352
34  4.3  1.27521
34  4.5  1.0336
34  4.7  0.843042
34  4.9  0.691781
34  5.1  0.570575
34  5.3  0.473248
34  5.5  0.394258
34  5.7  0.329969
34  5.9  0.277498
34  6.1  0.234308
34  6.3  0.198596
34  6.5  0.169002
34  6.7  0.144317
34  6.9  0.123658
34  7.1  0.106271
34  7.3  0.0916824
34  7.5  0.0793212
34  7.7  0.0688187
34  7.9  0.0598733
34  8.1  0.0522208
34  8.3  0.0456648
34  8.5  0.0400264
34  8.7  0.0351575
34  8.9  0.0309711
34  9.1  0.0273416
34  9.3  0.0242084
34  9.5  0.0214381
34  9.7  0.0190609
34  9.9  0.016941
34  10.1  0.0150973
34  10.3  0.0134777
34  10.5  0.0120405
34  10.7  0.0107797
34  10.9  0.00966898
34  11.1  0.00868486
34  11.3  0.0078158
34  11.5  0.0070374
34  11.7  0.00634633
34  11.9  0.00572936
