# fragmentation : Kniehl & Kramer (N=0.694, eps=0.101)
# channel       : An0n
#   dipole file dir       : data/Pb/bk_posterior/member_0082/glauber_mve_<b>
#   pD0 loop             : 0.1 to 12.0 GeV, step 0.2
#   fixed rapidity y      : -3.0
# ============================================================
# b  pD0  dsigma_dyd2pD0
0  0.1  1069.29
0  0.3  704.189
0  0.5  486.99
0  0.7  341.367
0  0.9  240.354
0  1.1  169.626
0  1.3  119.634
0  1.5  84.3474
0  1.7  59.6377
0  1.9  42.3045
0  2.1  30.1615
0  2.3  21.9494
0  2.5  16.3637
0  2.7  12.3629
0  2.9  9.47908
0  3.1  7.36503
0  3.3  5.79986
0  3.5  4.61974
0  3.7  3.72305
0  3.9  3.02626
0  4.1  2.48985
0  4.3  2.06275
0  4.5  1.72241
0  4.7  1.45051
0  4.9  1.22994
0  5.1  1.04878
0  5.3  0.900184
0  5.5  0.777169
0  5.7  0.673872
0  5.9  0.587489
0  6.1  0.514446
0  6.3  0.452567
0  6.5  0.399485
0  6.7  0.354051
0  6.9  0.314727
0  7.1  0.280961
0  7.3  0.251304
0  7.5  0.225622
0  7.7  0.203138
0  7.9  0.183324
0  8.1  0.165914
0  8.3  0.15048
0  8.5  0.136716
0  8.7  0.12465
0  8.9  0.113865
0  9.1  0.10408
0  9.3  0.0953975
0  9.5  0.0875221
0  9.7  0.0806559
0  9.9  0.074267
0  10.1  0.0685485
0  10.3  0.0633145
0  10.5  0.058625
0  10.7  0.0543458
0  10.9  0.0504408
0  11.1  0.0468708
0  11.3  0.0436006
0  11.5  0.0406578
0  11.7  0.0379455
0  11.9  0.0354468
2  0.1  1068.31
2  0.3  703.286
2  0.5  486.281
2  0.7  340.854
2  0.9  239.996
2  1.1  169.346
2  1.3  119.424
2  1.5  84.2451
2  1.7  59.5396
2  1.9  42.1973
2  2.1  30.1205
2  2.3  21.9137
2  2.5  16.3331
2  2.7  12.3452
2  2.9  9.46238
2  3.1  7.35376
2  3.3  5.7882
2  3.5  4.61197
2  3.7  3.71515
2  3.9  3.02239
2  4.1  2.48332
2  4.3  2.05794
2  4.5  1.71779
2  4.7  1.44777
2  4.9  1.22698
2  5.1  1.04686
2  5.3  0.898821
2  5.5  0.776019
2  5.7  0.672676
2  5.9  0.586603
2  6.1  0.513522
2  6.3  0.451545
2  6.5  0.398671
2  6.7  0.353304
2  6.9  0.314164
2  7.1  0.280165
2  7.3  0.250928
2  7.5  0.225255
2  7.7  0.202939
2  7.9  0.183066
2  8.1  0.165603
2  8.3  0.150152
2  8.5  0.136516
2  8.7  0.124437
2  8.9  0.113674
2  9.1  0.103934
2  9.3  0.0952563
2  9.5  0.0874866
2  9.7  0.080432
2  9.9  0.074102
2  10.1  0.0684077
2  10.3  0.0632037
2  10.5  0.0585223
2  10.7  0.0541905
2  10.9  0.0503302
2  11.1  0.046802
2  11.3  0.0435213
2  11.5  0.0405558
2  11.7  0.0378766
2  11.9  0.0353577
4  0.1  1064.21
4  0.3  700.455
4  0.5  484.324
4  0.7  339.328
4  0.9  239.023
4  1.1  168.483
4  1.3  118.763
4  1.5  83.7605
4  1.7  59.1546
4  1.9  41.9426
4  2.1  29.9165
4  2.3  21.7714
4  2.5  16.2188
4  2.7  12.2718
4  2.9  9.39949
4  3.1  7.30758
4  3.3  5.7498
4  3.5  4.58004
4  3.7  3.69155
4  3.9  3.00463
4  4.1  2.46811
4  4.3  2.0464
4  4.5  1.71014
4  4.7  1.43983
4  4.9  1.21996
4  5.1  1.04082
4  5.3  0.892957
4  5.5  0.770875
4  5.7  0.668656
4  5.9  0.582979
4  6.1  0.510412
4  6.3  0.448941
4  6.5  0.396307
4  6.7  0.351141
4  6.9  0.312311
4  7.1  0.278659
4  7.3  0.249578
4  7.5  0.224019
4  7.7  0.201626
4  7.9  0.182079
4  8.1  0.164599
4  8.3  0.149349
4  8.5  0.135741
4  8.7  0.123696
4  8.9  0.112978
4  9.1  0.103274
4  9.3  0.0947017
4  9.5  0.0868877
4  9.7  0.0799342
4  9.9  0.0736713
4  10.1  0.0679945
4  10.3  0.0628503
4  10.5  0.0582019
4  10.7  0.0539379
4  10.9  0.050032
4  11.1  0.0465867
4  11.3  0.0433143
4  11.5  0.0403506
4  11.7  0.0376566
4  11.9  0.0351561
6  0.1  1057.02
6  0.3  695.682
6  0.5  480.746
6  0.7  336.898
6  0.9  237.132
6  1.1  167.074
6  1.3  117.785
6  1.5  82.9756
6  1.7  58.6078
6  1.9  41.5516
6  2.1  29.6291
6  2.3  21.5325
6  2.5  16.0551
6  2.7  12.1433
6  2.9  9.30992
6  3.1  7.23606
6  3.3  5.69319
6  3.5  4.53647
6  3.7  3.65504
6  3.9  2.97349
6  4.1  2.44451
6  4.3  2.02485
6  4.5  1.69347
6  4.7  1.425
6  4.9  1.20843
6  5.1  1.03057
6  5.3  0.884676
6  5.5  0.763197
6  5.7  0.662349
6  5.9  0.577264
6  6.1  0.505565
6  6.3  0.44433
6  6.5  0.392512
6  6.7  0.347854
6  6.9  0.309111
6  7.1  0.275987
6  7.3  0.247078
6  7.5  0.221617
6  7.7  0.199599
6  7.9  0.180055
6  8.1  0.162922
6  8.3  0.147868
6  8.5  0.134423
6  8.7  0.122533
6  8.9  0.111752
6  9.1  0.102385
6  9.3  0.0937013
6  9.5  0.086098
6  9.7  0.0792189
6  9.9  0.0729695
6  10.1  0.0673543
6  10.3  0.0622099
6  10.5  0.0576162
6  10.7  0.0533924
6  10.9  0.0495535
6  11.1  0.0460905
6  11.3  0.0428384
6  11.5  0.0399552
6  11.7  0.0372887
6  11.9  0.0347924
8  0.1  1046.94
8  0.3  688.813
8  0.5  475.738
8  0.7  333.353
8  0.9  234.569
8  1.1  165.111
8  1.3  116.314
8  1.5  81.9059
8  1.7  57.7712
8  1.9  40.9451
8  2.1  29.1922
8  2.3  21.2095
8  2.5  15.8183
8  2.7  11.9543
8  2.9  9.16752
8  3.1  7.12386
8  3.3  5.61305
8  3.5  4.46939
8  3.7  3.60019
8  3.9  2.9302
8  4.1  2.40763
8  4.3  1.99687
8  4.5  1.66839
8  4.7  1.40483
8  4.9  1.19103
8  5.1  1.01601
8  5.3  0.871993
8  5.5  0.752547
8  5.7  0.653311
8  5.9  0.569101
8  6.1  0.498351
8  6.3  0.438235
8  6.5  0.387089
8  6.7  0.343018
8  6.9  0.304941
8  7.1  0.272233
8  7.3  0.243658
8  7.5  0.218696
8  7.7  0.196951
8  7.9  0.177682
8  8.1  0.16076
8  8.3  0.145818
8  8.5  0.132531
8  8.7  0.120692
8  8.9  0.110276
8  9.1  0.100859
8  9.3  0.0925203
8  9.5  0.0849239
8  9.7  0.0780909
8  9.9  0.0719544
8  10.1  0.0664064
8  10.3  0.0613809
8  10.5  0.0568233
8  10.7  0.0526333
8  10.9  0.048869
8  11.1  0.0454042
8  11.3  0.0423094
8  11.5  0.0394068
8  11.7  0.036739
8  11.9  0.0343338
10  0.1  1033.83
10  0.3  679.763
10  0.5  469.587
10  0.7  328.692
10  0.9  231.011
10  1.1  162.53
10  1.3  114.371
10  1.5  80.4707
10  1.7  56.7461
10  1.9  40.1626
10  2.1  28.613
10  2.3  20.8008
10  2.5  15.4935
10  2.7  11.7223
10  2.9  8.9883
10  3.1  6.98411
10  3.3  5.49811
10  3.5  4.38185
10  3.7  3.52943
10  3.9  2.87336
10  4.1  2.36178
10  4.3  1.95849
10  4.5  1.63784
10  4.7  1.37846
10  4.9  1.16846
10  5.1  0.996529
10  5.3  0.855661
10  5.5  0.73866
10  5.7  0.640669
10  5.9  0.558451
10  6.1  0.488979
10  6.3  0.430526
10  6.5  0.37991
10  6.7  0.336672
10  6.9  0.299332
10  7.1  0.267141
10  7.3  0.239187
10  7.5  0.214547
10  7.7  0.193294
10  7.9  0.174462
10  8.1  0.157778
10  8.3  0.143119
10  8.5  0.130121
10  8.7  0.118547
10  8.9  0.108309
10  9.1  0.0990262
10  9.3  0.090776
10  9.5  0.0833947
10  9.7  0.0766975
10  9.9  0.070681
10  10.1  0.0651242
10  10.3  0.0602109
10  10.5  0.055802
10  10.7  0.0517011
10  10.9  0.0479869
10  11.1  0.0445961
10  11.3  0.0414825
10  11.5  0.0386774
10  11.7  0.0361013
10  11.9  0.0337112
12  0.1  1016.37
12  0.3  668.39
12  0.5  461.465
12  0.7  322.73
12  0.9  226.526
12  1.1  159.238
12  1.3  111.89
12  1.5  78.6386
12  1.7  55.3948
12  1.9  39.1729
12  2.1  27.8996
12  2.3  20.2756
12  2.5  15.1128
12  2.7  11.4235
12  2.9  8.75515
12  3.1  6.80847
12  3.3  5.36419
12  3.5  4.27283
12  3.7  3.44344
12  3.9  2.80413
12  4.1  2.3049
12  4.3  1.9119
12  4.5  1.59766
12  4.7  1.345
12  4.9  1.14089
12  5.1  0.972991
12  5.3  0.835555
12  5.5  0.7211
12  5.7  0.625355
12  5.9  0.545178
12  6.1  0.477809
12  6.3  0.41994
12  6.5  0.370921
12  6.7  0.328569
12  6.9  0.292257
12  7.1  0.260852
12  7.3  0.23359
12  7.5  0.209457
12  7.7  0.188632
12  7.9  0.170247
12  8.1  0.153996
12  8.3  0.139849
12  8.5  0.127186
12  8.7  0.115746
12  8.9  0.10575
12  9.1  0.0966838
12  9.3  0.0886392
12  9.5  0.0814569
12  9.7  0.0749227
12  9.9  0.0689086
12  10.1  0.0636929
12  10.3  0.0588607
12  10.5  0.0544528
12  10.7  0.0504932
12  10.9  0.0468506
12  11.1  0.043545
12  11.3  0.0405454
12  11.5  0.0377722
12  11.7  0.0352285
12  11.9  0.0329287
14  0.1  995.103
14  0.3  653.963
14  0.5  451.176
14  0.7  315.452
14  0.9  221.13
14  1.1  155.263
14  1.3  108.926
14  1.5  76.4442
14  1.7  53.7655
14  1.9  37.9805
14  2.1  27.0315
14  2.3  19.6366
14  2.5  14.6363
14  2.7  11.0645
14  2.9  8.48678
14  3.1  6.59698
14  3.3  5.19831
14  3.5  4.14294
14  3.7  3.3396
14  3.9  2.71913
14  4.1  2.23467
14  4.3  1.85333
14  4.5  1.54959
14  4.7  1.30496
14  4.9  1.10643
14  5.1  0.944275
14  5.3  0.810523
14  5.5  0.699354
14  5.7  0.607061
14  5.9  0.529028
14  6.1  0.463469
14  6.3  0.40782
14  6.5  0.359967
14  6.7  0.318888
14  6.9  0.283672
14  7.1  0.253075
14  7.3  0.226497
14  7.5  0.203446
14  7.7  0.183159
14  7.9  0.165252
14  8.1  0.149652
14  8.3  0.135729
14  8.5  0.123275
14  8.7  0.112355
14  8.9  0.102627
14  9.1  0.0939102
14  9.3  0.0861066
14  9.5  0.0790498
14  9.7  0.0727042
14  9.9  0.0670078
14  10.1  0.0617442
14  10.3  0.0570793
14  10.5  0.0528461
14  10.7  0.049007
14  10.9  0.0454487
14  11.1  0.0422872
14  11.3  0.0393683
14  11.5  0.0366617
14  11.7  0.0342139
14  11.9  0.0319585
16  0.1  969.057
16  0.3  636.998
16  0.5  438.979
16  0.7  306.472
16  0.9  214.652
16  1.1  150.353
16  1.3  105.334
16  1.5  73.7938
16  1.7  51.8089
16  1.9  36.5596
16  2.1  25.9848
16  2.3  18.871
16  2.5  14.0636
16  2.7  10.6313
16  2.9  8.15397
16  3.1  6.34207
16  3.3  4.99908
16  3.5  3.98388
16  3.7  3.21263
16  3.9  2.61495
16  4.1  2.15057
16  4.3  1.78396
16  4.5  1.49036
16  4.7  1.25648
16  4.9  1.06519
16  5.1  0.90916
16  5.3  0.780836
16  5.5  0.674271
16  5.7  0.584628
16  5.9  0.509921
16  6.1  0.446151
16  6.3  0.392778
16  6.5  0.347001
16  6.7  0.307214
16  6.9  0.273287
16  7.1  0.244001
16  7.3  0.218244
16  7.5  0.19587
16  7.7  0.176496
16  7.9  0.15926
16  8.1  0.144246
16  8.3  0.130966
16  8.5  0.118832
16  8.7  0.10832
16  8.9  0.0988899
16  9.1  0.0904247
16  9.3  0.0829124
16  9.5  0.0761317
16  9.7  0.0700513
16  9.9  0.0645169
16  10.1  0.0595569
16  10.3  0.0550497
16  10.5  0.0508963
16  10.7  0.0472342
16  10.9  0.0438308
16  11.1  0.0407201
16  11.3  0.0379649
16  11.5  0.035372
16  11.7  0.0329944
16  11.9  0.0308053
18  0.1  938.209
18  0.3  615.971
18  0.5  424.419
18  0.7  295.71
18  0.9  206.729
18  1.1  144.506
18  1.3  100.961
18  1.5  70.5706
18  1.7  49.4474
18  1.9  34.844
18  2.1  24.7567
18  2.3  17.9675
18  2.5  13.3849
18  2.7  10.1239
18  2.9  7.76001
18  3.1  6.04102
18  3.3  4.75985
18  3.5  3.79497
18  3.7  3.06129
18  3.9  2.49388
18  4.1  2.04908
18  4.3  1.70043
18  4.5  1.42286
18  4.7  1.19808
18  4.9  1.01581
18  5.1  0.867074
18  5.3  0.744857
18  5.5  0.642979
18  5.7  0.55833
18  5.9  0.486782
18  6.1  0.426169
18  6.3  0.374994
18  6.5  0.331173
18  6.7  0.293559
18  6.9  0.260872
18  7.1  0.232979
18  7.3  0.20858
18  7.5  0.187199
18  7.7  0.16846
18  7.9  0.152257
18  8.1  0.137675
18  8.3  0.124856
18  8.5  0.113418
18  8.7  0.103509
18  8.9  0.0945275
18  9.1  0.0863577
18  9.3  0.0792318
18  9.5  0.0727153
18  9.7  0.0669005
18  9.9  0.0616283
18  10.1  0.0569255
18  10.3  0.0525884
18  10.5  0.0486507
18  10.7  0.0451009
18  10.9  0.041858
18  11.1  0.0389193
18  11.3  0.0362278
18  11.5  0.033767
18  11.7  0.0315115
18  11.9  0.0294146
20  0.1  900.055
20  0.3  590.509
20  0.5  406.411
20  0.7  282.781
20  0.9  197.137
20  1.1  137.488
20  1.3  95.7652
20  1.5  66.7559
20  1.7  46.7102
20  1.9  32.8562
20  2.1  23.2897
20  2.3  16.8972
20  2.5  12.5818
20  2.7  9.51807
20  2.9  7.30475
20  3.1  5.68059
20  3.3  4.47771
20  3.5  3.57449
20  3.7  2.88236
20  3.9  2.34906
20  4.1  1.93243
20  4.3  1.60238
20  4.5  1.3406
20  4.7  1.13019
20  4.9  0.958533
20  5.1  0.81824
20  5.3  0.702934
20  5.5  0.606468
20  5.7  0.526857
20  5.9  0.459161
20  6.1  0.402443
20  6.3  0.35376
20  6.5  0.312681
20  6.7  0.276978
20  6.9  0.246265
20  7.1  0.219886
20  7.3  0.196989
20  7.5  0.176719
20  7.7  0.159041
20  7.9  0.143565
20  8.1  0.129876
20  8.3  0.117896
20  8.5  0.107096
20  8.7  0.0977007
20  8.9  0.0891735
20  9.1  0.0815888
20  9.3  0.0748167
20  9.5  0.0686651
20  9.7  0.0630993
20  9.9  0.0581797
20  10.1  0.0536991
20  10.3  0.0495792
20  10.5  0.0458773
20  10.7  0.0425904
20  10.9  0.0395491
20  11.1  0.036737
20  11.3  0.0342166
20  11.5  0.0318855
20  11.7  0.0297416
20  11.9  0.0277988
22  0.1  853.407
22  0.3  559.105
22  0.5  384.195
22  0.7  266.72
22  0.9  185.519
22  1.1  128.903
22  1.3  89.4889
22  1.5  62.1859
22  1.7  43.3789
22  1.9  30.4509
22  2.1  21.5549
22  2.3  15.6198
22  2.5  11.6335
22  2.7  8.80194
22  2.9  6.75772
22  3.1  5.25963
22  3.3  4.14646
22  3.5  3.30792
22  3.7  2.66976
22  3.9  2.17554
22  4.1  1.79094
22  4.3  1.48551
22  4.5  1.24434
22  4.7  1.04872
22  4.9  0.889686
22  5.1  0.759604
22  5.3  0.652737
22  5.5  0.563789
22  5.7  0.489103
22  5.9  0.426489
22  6.1  0.373462
22  6.3  0.328982
22  6.5  0.290278
22  6.7  0.257333
22  6.9  0.228885
22  7.1  0.204206
22  7.3  0.182793
22  7.5  0.164138
22  7.7  0.147824
22  7.9  0.133437
22  8.1  0.120671
22  8.3  0.109508
22  8.5  0.0995831
22  8.7  0.0906907
22  8.9  0.0828795
22  9.1  0.075796
22  9.3  0.0695228
22  9.5  0.0637693
22  9.7  0.0586738
22  9.9  0.0540683
22  10.1  0.0499026
22  10.3  0.0461517
22  10.5  0.0426897
22  10.7  0.0395738
22  10.9  0.03671
22  11.1  0.0341753
22  11.3  0.0318189
22  11.5  0.0296353
22  11.7  0.0276721
22  11.9  0.0258579
24  0.1  795.308
24  0.3  520.578
24  0.5  357.14
24  0.7  247.292
24  0.9  171.231
24  1.1  118.487
24  1.3  81.9262
24  1.5  56.6813
24  1.7  39.4242
24  1.9  27.5843
24  2.1  19.4902
24  2.3  14.103
24  2.5  10.5131
24  2.7  7.94981
24  2.9  6.10416
24  3.1  4.75399
24  3.3  3.74698
24  3.5  2.99254
24  3.7  2.41643
24  3.9  1.96955
24  4.1  1.622
24  4.3  1.34694
24  4.5  1.12822
24  4.7  0.950748
24  4.9  0.806546
24  5.1  0.689493
24  5.3  0.591778
24  5.5  0.511148
24  5.7  0.444236
24  5.9  0.387348
24  6.1  0.339366
24  6.3  0.298404
24  6.5  0.263773
24  6.7  0.233764
24  6.9  0.207981
24  7.1  0.185643
24  7.3  0.166194
24  7.5  0.149139
24  7.7  0.13434
24  7.9  0.121292
24  8.1  0.109848
24  8.3  0.0996429
24  8.5  0.0905657
24  8.7  0.0825635
24  8.9  0.0753183
24  9.1  0.0689422
24  9.3  0.0631992
24  9.5  0.0579359
24  9.7  0.0534007
24  9.9  0.0491379
24  10.1  0.0454155
24  10.3  0.0419114
24  10.5  0.0388455
24  10.7  0.0360105
24  10.9  0.0334488
24  11.1  0.0310842
24  11.3  0.0289526
24  11.5  0.0269913
24  11.7  0.0251719
24  11.9  0.0235258
26  0.1  722.329
26  0.3  472.094
26  0.5  323.174
26  0.7  222.973
26  0.9  153.692
26  1.1  105.757
26  1.3  72.7004
26  1.5  50.0424
26  1.7  34.6479
26  1.9  24.1742
26  2.1  17.045
26  2.3  12.3212
26  2.5  9.18355
26  2.7  6.94322
26  2.9  5.33657
26  3.1  4.15776
26  3.3  3.27906
26  3.5  2.6185
26  3.7  2.1173
26  3.9  1.72667
26  4.1  1.42131
26  4.3  1.18042
26  4.5  0.988145
26  4.7  0.834093
26  4.9  0.707781
26  5.1  0.604872
26  5.3  0.520009
26  5.5  0.449266
26  5.7  0.389999
26  5.9  0.340559
26  6.1  0.298247
26  6.3  0.262685
26  6.5  0.231856
26  6.7  0.205457
26  6.9  0.183021
26  7.1  0.163258
26  7.3  0.146168
26  7.5  0.131141
26  7.7  0.118244
26  7.9  0.106653
26  8.1  0.0965078
26  8.3  0.0875995
26  8.5  0.0796274
26  8.7  0.0725674
26  8.9  0.0662423
26  9.1  0.060678
26  9.3  0.0555307
26  9.5  0.0510678
26  9.7  0.0469782
26  9.9  0.0432662
26  10.1  0.0399512
26  10.3  0.0368888
26  10.5  0.0341729
26  10.7  0.0317036
26  10.9  0.0294567
26  11.1  0.0273553
26  11.3  0.0255125
26  11.5  0.0237624
26  11.7  0.0221543
26  11.9  0.0207312
28  0.1  631.094
28  0.3  411.748
28  0.5  280.806
28  0.7  192.867
28  0.9  132.088
28  1.1  90.2349
28  1.3  61.6101
28  1.5  42.1413
28  1.7  29.0291
28  1.9  20.1852
28  2.1  14.1843
28  2.3  10.259
28  2.5  7.6459
28  2.7  5.78615
28  2.9  4.44815
28  3.1  3.46675
28  3.3  2.73808
28  3.5  2.18827
28  3.7  1.76772
28  3.9  1.44396
28  4.1  1.18894
28  4.3  0.988323
28  4.5  0.828224
28  4.7  0.698474
28  4.9  0.59263
28  5.1  0.506609
28  5.3  0.43566
28  5.5  0.376272
28  5.7  0.327006
28  5.9  0.285401
28  6.1  0.249891
28  6.3  0.22011
28  6.5  0.194522
28  6.7  0.172362
28  6.9  0.153273
28  7.1  0.136976
28  7.3  0.122596
28  7.5  0.110199
28  7.7  0.099123
28  7.9  0.0894306
28  8.1  0.0810187
28  8.3  0.0735341
28  8.5  0.0668156
28  8.7  0.0608702
28  8.9  0.0556149
28  9.1  0.0508975
28  9.3  0.0466426
28  9.5  0.042889
28  9.7  0.0394267
28  9.9  0.0363611
28  10.1  0.0335779
28  10.3  0.0310239
28  10.5  0.0287255
28  10.7  0.0266376
28  10.9  0.0247469
28  11.1  0.0230311
28  11.3  0.0214259
28  11.5  0.0199593
28  11.7  0.0186348
28  11.9  0.017429
30  0.1  520.387
30  0.3  338.842
30  0.5  230.293
30  0.7  156.96
30  0.9  106.586
30  1.1  72.1284
30  1.3  48.8007
30  1.5  33.1628
30  1.7  22.7112
30  1.9  15.7152
30  2.1  11.0214
30  2.3  7.95945
30  2.5  5.93735
30  2.7  4.49308
30  2.9  3.45865
30  3.1  2.69769
30  3.3  2.13256
30  3.5  1.70641
30  3.7  1.3798
30  3.9  1.12708
30  4.1  0.928942
30  4.3  0.772548
30  4.5  0.647114
30  4.7  0.546356
30  4.9  0.464271
30  5.1  0.396687
30  5.3  0.34083
30  5.5  0.295274
30  5.7  0.255988
30  5.9  0.223344
30  6.1  0.195744
30  6.3  0.172361
30  6.5  0.152339
30  6.7  0.135018
30  6.9  0.120283
30  7.1  0.107211
30  7.3  0.0960578
30  7.5  0.0862815
30  7.7  0.077677
30  7.9  0.070159
30  8.1  0.0635415
30  8.3  0.0576398
30  8.5  0.052431
30  8.7  0.0478424
30  8.9  0.0436591
30  9.1  0.0399738
30  9.3  0.0366551
30  9.5  0.0336711
30  9.7  0.0309983
30  9.9  0.0285447
30  10.1  0.0263799
30  10.3  0.0243927
30  10.5  0.0225701
30  10.7  0.0209385
30  10.9  0.0194331
30  11.1  0.0180736
30  11.3  0.0168319
30  11.5  0.0156888
30  11.7  0.0146311
30  11.9  0.0136775
32  0.1  396.1
32  0.3  257.35
32  0.5  173.864
32  0.7  117.601
32  0.9  78.9995
32  1.1  52.845
32  1.3  35.3915
32  1.5  23.8501
32  1.7  16.2218
32  1.9  11.1741
32  2.1  7.8128
32  2.3  5.64873
32  2.5  4.21188
32  2.7  3.19438
32  2.9  2.45865
32  3.1  1.91904
32  3.3  1.51839
32  3.5  1.21529
32  3.7  0.983187
32  3.9  0.804063
32  4.1  0.66337
32  4.3  0.551245
32  4.5  0.462308
32  4.7  0.39053
32  4.9  0.331538
32  5.1  0.283552
32  5.3  0.244047
32  5.5  0.210881
32  5.7  0.183298
32  5.9  0.160081
32  6.1  0.140287
32  6.3  0.123415
32  6.5  0.109139
32  6.7  0.0967911
32  6.9  0.0861743
32  7.1  0.0769866
32  7.3  0.0689475
32  7.5  0.0619461
32  7.7  0.0557989
32  7.9  0.0504251
32  8.1  0.0456427
32  8.3  0.0414339
32  8.5  0.0376574
32  8.7  0.0343431
32  8.9  0.0313949
32  9.1  0.0287386
32  9.3  0.0263455
32  9.5  0.0242093
32  9.7  0.0222491
32  9.9  0.0205291
32  10.1  0.0189395
32  10.3  0.0175104
32  10.5  0.0162093
32  10.7  0.0150214
32  10.9  0.0139372
32  11.1  0.0129725
32  11.3  0.0120621
32  11.5  0.0112451
32  11.7  0.0104976
32  11.9  0.00979686
34  0.1  274.988
34  0.3  178.012
34  0.5  119.565
34  0.7  79.9349
34  0.9  53.1609
34  1.1  35.2006
34  1.3  23.3759
34  1.5  15.6668
34  1.7  10.6326
34  1.9  7.33407
34  2.1  5.14546
34  2.3  3.72685
34  2.5  2.78188
34  2.7  2.10946
34  2.9  1.62356
34  3.1  1.27041
34  3.3  1.00533
34  3.5  0.804887
34  3.7  0.650959
34  3.9  0.532348
34  4.1  0.439411
34  4.3  0.365304
34  4.5  0.306165
34  4.7  0.258753
34  4.9  0.220026
34  5.1  0.188182
34  5.3  0.162031
34  5.5  0.140005
34  5.7  0.12183
34  5.9  0.106419
34  6.1  0.0932941
34  6.3  0.0821757
34  6.5  0.0726628
34  6.7  0.0644943
34  6.9  0.0574298
34  7.1  0.051273
34  7.3  0.0459428
34  7.5  0.0412802
34  7.7  0.0372026
34  7.9  0.0335728
34  8.1  0.0304347
34  8.3  0.0276194
34  8.5  0.0251091
34  8.7  0.0228951
34  8.9  0.0209026
34  9.1  0.0191147
34  9.3  0.0175327
34  9.5  0.0161044
34  9.7  0.0148155
34  9.9  0.0136415
34  10.1  0.0125968
34  10.3  0.0116399
34  10.5  0.0107769
34  10.7  0.00999875
34  10.9  0.00928977
34  11.1  0.00862571
34  11.3  0.00804513
34  11.5  0.00749199
34  11.7  0.00698218
34  11.9  0.00652708
