SetDesc: HHPZ_D
Authors: ...
Reference: ...
Format: lhagrid1
DataVersion: 1
NumMembers: 101
Flavors: [-6, -5, -4, -3, -2, -1, 1, 2, 3, 4, 5, 6, 21]
OrderQCD: 1
FlavorScheme: fixed
ErrorType: replicas
XMin: 0.001
XMax: 1
QMin: 1
QMax: 14317.8
MZ: 91.1876
MUp: 0
MDown: 0
MStrange: 0
MCharm: 1.3
MBottom: 4.75
MTop: 173
AlphaS_MZ: 0.118
AlphaS_OrderQCD: 1
AlphaS_Type: ipol
AlphaS_Qs: [1, 1.09139, 1.19114, 1.3,1.3, 1.36643, 1.43626, 1.50965, 1.58679, 1.66788, 1.75311, 1.84269, 1.93686, 2.03583, 2.13986, 2.24921, 2.36415, 2.48495, 2.61194, 2.74541, 2.8857, 3.03316, 3.18816, 3.35107, 3.52231, 3.70231, 3.8915, 4.09035, 4.29937, 4.51907, 4.75,4.75, 5.12386, 5.52715, 5.96217, 6.43144, 6.93764, 7.48368, 8.07271, 8.70809, 9.39348, 10.1328, 10.9303, 11.7906, 12.7186, 13.7197, 14.7995, 15.9644, 17.2209, 18.5763, 20.0384, 21.6156, 23.3169, 25.1521, 27.1317, 29.2672, 31.5707, 34.0556, 36.736, 39.6274, 42.7464, 46.1108, 49.7401, 53.655, 57.8781, 62.4335, 67.3475, 72.6482, 78.3661, 84.5341, 91.1876, 99.9231, 109.495, 119.985, 131.479, 144.074, 157.876, 173,173, 191.264, 211.456, 233.78, 258.461, 285.747, 315.914, 349.265, 386.138, 426.903, 471.973, 521.8, 576.887, 637.79, 705.123, 779.565, 861.865, 952.854, 1053.45, 1164.66, 1287.62, 1423.56, 1573.84, 1740, 1923.69, 2126.78, 2351.31, 2599.54, 2873.98, 3177.39, 3512.84, 3883.69, 4293.7, 4747, 5248.15, 5802.21, 6414.76, 7091.98, 7840.69, 8668.45, 9583.6, 10595.4, 11713.9, 12950.6, 14317.8]
AlphaS_Vals: [0.449152, 0.419735, 0.394235, 0.371898,0.371883, 0.361409, 0.351544, 0.342239, 0.333447, 0.325125, 0.317234, 0.309741, 0.302616, 0.29583, 0.289361, 0.283184, 0.277281, 0.271633, 0.266223, 0.261036, 0.256058, 0.251276, 0.246679, 0.242256, 0.237996, 0.233891, 0.229932, 0.226112, 0.222422, 0.218856, 0.215409,0.215408, 0.21085, 0.206488, 0.202309, 0.198302, 0.194457, 0.190762, 0.18721, 0.183793, 0.180502, 0.17733, 0.174272, 0.17132, 0.16847, 0.165716, 0.163053, 0.160477, 0.157984, 0.155569, 0.153229, 0.15096, 0.148759, 0.146623, 0.144549, 0.142535, 0.140577, 0.138674, 0.136823, 0.135022, 0.133269, 0.131562, 0.129899, 0.128279, 0.1267, 0.125159, 0.123657, 0.122192, 0.120761, 0.119364, 0.118, 0.116395, 0.114834, 0.113315, 0.111836, 0.110396, 0.108994, 0.107628,0.107628, 0.106308, 0.105021, 0.103765, 0.102539, 0.101342, 0.100173, 0.099031, 0.0979153, 0.0968247, 0.0957585, 0.0947158, 0.0936959, 0.092698, 0.0917214, 0.0907655, 0.0898295, 0.0889129, 0.088015, 0.0871353, 0.0862732, 0.0854282, 0.0845998, 0.0837875, 0.0829908, 0.0822093, 0.0814426, 0.0806902, 0.0799518, 0.0792268, 0.0785151, 0.0778162, 0.0771297, 0.0764554, 0.0757929, 0.0751419, 0.0745021, 0.0738732, 0.073255, 0.0726471, 0.0720493, 0.0714614, 0.0708831, 0.0703142, 0.0697544]
