# fragmentation : BCFY (r=0.1)
# channel       : An0n
#   dipole file dir       : data/Pb/bk_posterior/member_0092/glauber_mve_<b>
#   pD0 loop             : 0.1 to 12.0 GeV, step 0.2
#   fixed rapidity y      : -1.5
# ============================================================
# b  pD0  dsigma_dyd2pD0
0  0.1  1171.68
0  0.3  929.108
0  0.5  738.485
0  0.7  580.54
0  0.9  452.261
0  1.1  350.456
0  1.3  270.461
0  1.5  208.161
0  1.7  159.885
0  1.9  122.694
0  2.1  94.2774
0  2.3  72.6563
0  2.5  56.2265
0  2.7  43.739
0  2.9  34.2506
0  3.1  27.0084
0  3.3  21.444
0  3.5  17.15
0  3.7  13.8173
0  3.9  11.2133
0  4.1  9.15306
0  4.3  7.52987
0  4.5  6.22642
0  4.7  5.18401
0  4.9  4.33578
0  5.1  3.64791
0  5.3  3.08544
0  5.5  2.62228
0  5.7  2.23891
0  5.9  1.91993
0  6.1  1.65352
0  6.3  1.42846
0  6.5  1.23942
0  6.7  1.07847
0  6.9  0.942215
0  7.1  0.825554
0  7.3  0.725981
0  7.5  0.639294
0  7.7  0.565272
0  7.9  0.500618
0  8.1  0.445187
0  8.3  0.396557
0  8.5  0.354124
0  8.7  0.316891
0  8.9  0.284074
0  9.1  0.25507
0  9.3  0.229522
0  9.5  0.207096
0  9.7  0.186968
0  9.9  0.169432
0  10.1  0.153723
0  10.3  0.139765
0  10.5  0.127202
0  10.7  0.116018
0  10.9  0.106
0  11.1  0.0969473
0  11.3  0.0888702
0  11.5  0.0815369
0  11.7  0.0749669
0  11.9  0.0691622
2  0.1  1170.41
2  0.3  928.085
2  0.5  737.642
2  0.7  579.867
2  0.9  451.72
2  1.1  350.018
2  1.3  270.106
2  1.5  207.873
2  1.7  159.653
2  1.9  122.507
2  2.1  94.1281
2  2.3  72.5373
2  2.5  56.1324
2  2.7  43.6637
2  2.9  34.1911
2  3.1  26.9607
2  3.3  21.4057
2  3.5  17.119
2  3.7  13.7923
2  3.9  11.1897
2  4.1  9.13636
2  4.3  7.51606
2  4.5  6.21487
2  4.7  5.17523
2  4.9  4.32777
2  5.1  3.64113
2  5.3  3.07974
2  5.5  2.61738
2  5.7  2.23469
2  5.9  1.91634
2  6.1  1.65056
2  6.3  1.42594
2  6.5  1.23709
2  6.7  1.07707
2  6.9  0.940338
2  7.1  0.824327
2  7.3  0.724585
2  7.5  0.638529
2  7.7  0.564208
2  7.9  0.499812
2  8.1  0.444094
2  8.3  0.395755
2  8.5  0.353331
2  8.7  0.316199
2  8.9  0.283455
2  9.1  0.254687
2  9.3  0.229138
2  9.5  0.206681
2  9.7  0.186718
2  9.9  0.169037
2  10.1  0.153481
2  10.3  0.139395
2  10.5  0.126984
2  10.7  0.115817
2  10.9  0.10584
2  11.1  0.0968147
2  11.3  0.0886967
2  11.5  0.0814458
2  11.7  0.074823
2  11.9  0.069021
4  0.1  1166.52
4  0.3  924.717
4  0.5  735.099
4  0.7  577.838
4  0.9  450.233
4  1.1  348.697
4  1.3  269.036
4  1.5  207.004
4  1.7  158.951
4  1.9  121.942
4  2.1  93.6782
4  2.3  72.1784
4  2.5  55.8499
4  2.7  43.4371
4  2.9  34.0109
4  3.1  26.8169
4  3.3  21.29
4  3.5  17.0256
4  3.7  13.7168
4  3.9  11.128
4  4.1  9.08603
4  4.3  7.47435
4  4.5  6.18006
4  4.7  5.14663
4  4.9  4.30363
4  5.1  3.62339
4  5.3  3.06249
4  5.5  2.60269
4  5.7  2.2222
4  5.9  1.90541
4  6.1  1.6413
4  6.3  1.41771
4  6.5  1.23015
4  6.7  1.07045
4  6.9  0.935182
4  7.1  0.819618
4  7.3  0.720309
4  7.5  0.634714
4  7.7  0.561028
4  7.9  0.496928
4  8.1  0.441567
4  8.3  0.393406
4  8.5  0.351411
4  8.7  0.314399
4  8.9  0.281883
4  9.1  0.253172
4  9.3  0.227837
4  9.5  0.205426
4  9.7  0.185694
4  9.9  0.168094
4  10.1  0.152554
4  10.3  0.138666
4  10.5  0.126332
4  10.7  0.115174
4  10.9  0.105164
4  11.1  0.0962524
4  11.3  0.0882199
4  11.5  0.0808997
4  11.7  0.0744711
4  11.9  0.0686347
6  0.1  1159.95
6  0.3  919.422
6  0.5  730.819
6  0.7  574.415
6  0.9  447.313
6  1.1  346.469
6  1.3  267.239
6  1.5  205.541
6  1.7  157.765
6  1.9  120.994
6  2.1  92.9203
6  2.3  71.5565
6  2.5  55.3656
6  2.7  43.055
6  2.9  33.7069
6  3.1  26.5747
6  3.3  21.0956
6  3.5  16.8701
6  3.7  13.5897
6  3.9  11.0247
6  4.1  9.0009
6  4.3  7.40107
6  4.5  6.12378
6  4.7  5.09823
6  4.9  4.26311
6  5.1  3.58917
6  5.3  3.0333
6  5.5  2.57792
6  5.7  2.20109
6  5.9  1.88739
6  6.1  1.62525
6  6.3  1.40421
6  6.5  1.21843
6  6.7  1.06022
6  6.9  0.926274
6  7.1  0.811877
6  7.3  0.713576
6  7.5  0.628449
6  7.7  0.555679
6  7.9  0.492012
6  8.1  0.437542
6  8.3  0.389643
6  8.5  0.347959
6  8.7  0.311392
6  8.9  0.279111
6  9.1  0.250815
6  9.3  0.225644
6  9.5  0.203389
6  9.7  0.18387
6  9.9  0.166406
6  10.1  0.151135
6  10.3  0.137368
6  10.5  0.125062
6  10.7  0.114034
6  10.9  0.104168
6  11.1  0.0953495
6  11.3  0.0873348
6  11.5  0.0801542
6  11.7  0.0736594
6  11.9  0.0679196
8  0.1  1150.37
8  0.3  911.735
8  0.5  724.736
8  0.7  569.424
8  0.9  443.474
8  1.1  343.237
8  1.3  264.718
8  1.5  203.441
8  1.7  156.078
8  1.9  119.643
8  2.1  91.8506
8  2.3  70.7172
8  2.5  54.6839
8  2.7  42.5106
8  2.9  33.2763
8  3.1  26.2308
8  3.3  20.8207
8  3.5  16.6507
8  3.7  13.4093
8  3.9  10.877
8  4.1  8.88066
8  4.3  7.30339
8  4.5  6.03957
8  4.7  5.02579
8  4.9  4.20593
8  5.1  3.5374
8  5.3  2.99199
8  5.5  2.54288
8  5.7  2.17111
8  5.9  1.86138
8  6.1  1.60351
8  6.3  1.38519
8  6.5  1.20174
8  6.7  1.04626
8  6.9  0.913499
8  7.1  0.800738
8  7.3  0.703343
8  7.5  0.620132
8  7.7  0.547957
8  7.9  0.485292
8  8.1  0.431471
8  8.3  0.384389
8  8.5  0.343275
8  8.7  0.307133
8  8.9  0.27525
8  9.1  0.247305
8  9.3  0.222508
8  9.5  0.200577
8  9.7  0.181238
8  9.9  0.164036
8  10.1  0.14891
8  10.3  0.135395
8  10.5  0.123289
8  10.7  0.112481
8  10.9  0.10268
8  11.1  0.0939513
8  11.3  0.0862035
8  11.5  0.0790009
8  11.7  0.0726642
8  11.9  0.0670024
10  0.1  1138
10  0.3  902.281
10  0.5  716.628
10  0.7  563.019
10  0.9  438.186
10  1.1  338.976
10  1.3  261.264
10  1.5  200.684
10  1.7  153.868
10  1.9  117.874
10  2.1  90.4231
10  2.3  69.5707
10  2.5  53.7927
10  2.7  41.7994
10  2.9  32.711
10  3.1  25.7799
10  3.3  20.459
10  3.5  16.3589
10  3.7  13.1736
10  3.9  10.6824
10  4.1  8.72189
10  4.3  7.17326
10  4.5  5.93147
10  4.7  4.93556
10  4.9  4.13226
10  5.1  3.47354
10  5.3  2.93802
10  5.5  2.4969
10  5.7  2.13186
10  5.9  1.82756
10  6.1  1.57422
10  6.3  1.35979
10  6.5  1.17978
10  6.7  1.0267
10  6.9  0.896722
10  7.1  0.785962
10  7.3  0.690898
10  7.5  0.6087
10  7.7  0.537905
10  7.9  0.476565
10  8.1  0.423606
10  8.3  0.377185
10  8.5  0.336857
10  8.7  0.301494
10  8.9  0.270246
10  9.1  0.242792
10  9.3  0.21834
10  9.5  0.196949
10  9.7  0.1779
10  9.9  0.161145
10  10.1  0.146169
10  10.3  0.132988
10  10.5  0.120996
10  10.7  0.110378
10  10.9  0.100861
10  11.1  0.0922442
10  11.3  0.0846026
10  11.5  0.0775848
10  11.7  0.0713209
10  11.9  0.0658007
12  0.1  1121.72
12  0.3  889.47
12  0.5  706.369
12  0.7  554.808
12  0.9  431.629
12  1.1  333.69
12  1.3  256.963
12  1.5  197.184
12  1.7  151.043
12  1.9  115.641
12  2.1  88.6451
12  2.3  68.1519
12  2.5  52.6628
12  2.7  40.9073
12  2.9  32.0017
12  3.1  25.2138
12  3.3  19.9985
12  3.5  15.9938
12  3.7  12.8798
12  3.9  10.4408
12  4.1  8.52383
12  4.3  7.00957
12  4.5  5.79983
12  4.7  4.82254
12  4.9  4.0357
12  5.1  3.39591
12  5.3  2.86987
12  5.5  2.43939
12  5.7  2.08272
12  5.9  1.78522
12  6.1  1.53791
12  6.3  1.32781
12  6.5  1.15171
12  6.7  1.00306
12  6.9  0.875989
12  7.1  0.76748
12  7.3  0.674714
12  7.5  0.594589
12  7.7  0.525232
12  7.9  0.465305
12  8.1  0.413664
12  8.3  0.368494
12  8.5  0.329052
12  8.7  0.294319
12  8.9  0.263876
12  9.1  0.236949
12  9.3  0.21329
12  9.5  0.192319
12  9.7  0.173715
12  9.9  0.157479
12  10.1  0.142746
12  10.3  0.129787
12  10.5  0.118235
12  10.7  0.107722
12  10.9  0.0984789
12  11.1  0.0900842
12  11.3  0.082556
12  11.5  0.075742
12  11.7  0.0696509
12  11.9  0.0642685
14  0.1  1102
14  0.3  873.024
14  0.5  693.684
14  0.7  544.63
14  0.9  423.493
14  1.1  327.214
14  1.3  251.647
14  1.5  192.885
14  1.7  147.596
14  1.9  112.89
14  2.1  86.4533
14  2.3  66.4131
14  2.5  51.2697
14  2.7  39.817
14  2.9  31.1365
14  3.1  24.5161
14  3.3  19.445
14  3.5  15.5438
14  3.7  12.5181
14  3.9  10.1497
14  4.1  8.2825
14  4.3  6.81088
14  4.5  5.63446
14  4.7  4.68512
14  4.9  3.92028
14  5.1  3.29607
14  5.3  2.7893
14  5.5  2.36911
14  5.7  2.02269
14  5.9  1.73342
14  6.1  1.4933
14  6.3  1.2899
14  6.5  1.11889
14  6.7  0.973831
14  6.9  0.850642
14  7.1  0.745142
14  7.3  0.655088
14  7.5  0.577174
14  7.7  0.509896
14  7.9  0.451839
14  8.1  0.401509
14  8.3  0.357706
14  8.5  0.319293
14  8.7  0.285655
14  8.9  0.25615
14  9.1  0.230019
14  9.3  0.20701
14  9.5  0.186534
14  9.7  0.168599
14  9.9  0.152599
14  10.1  0.138606
14  10.3  0.126093
14  10.5  0.114758
14  10.7  0.104637
14  10.9  0.0955804
14  11.1  0.0874164
14  11.3  0.0800642
14  11.5  0.0735593
14  11.7  0.0675861
14  11.9  0.0623191
16  0.1  1078.01
16  0.3  853.751
16  0.5  678.488
16  0.7  532.185
16  0.9  413.54
16  1.1  319.25
16  1.3  245.176
16  1.5  187.668
16  1.7  143.418
16  1.9  109.537
16  2.1  83.7904
16  2.3  64.3136
16  2.5  49.6115
16  2.7  38.5015
16  2.9  30.0974
16  3.1  23.685
16  3.3  18.7816
16  3.5  15.0077
16  3.7  12.0869
16  3.9  9.79197
16  4.1  7.99278
16  4.3  6.57132
16  4.5  5.43607
16  4.7  4.52216
16  4.9  3.78084
16  5.1  3.17936
16  5.3  2.68838
16  5.5  2.28467
16  5.7  1.95038
16  5.9  1.67156
16  6.1  1.43938
16  6.3  1.24367
16  6.5  1.0788
16  6.7  0.938795
16  6.9  0.820059
16  7.1  0.718437
16  7.3  0.631148
16  7.5  0.556392
16  7.7  0.491511
16  7.9  0.435253
16  8.1  0.386978
16  8.3  0.34476
16  8.5  0.307794
16  8.7  0.275104
16  8.9  0.246831
16  9.1  0.221788
16  9.3  0.19945
16  9.5  0.179823
16  9.7  0.162581
16  9.9  0.147202
16  10.1  0.133694
16  10.3  0.121434
16  10.5  0.110496
16  10.7  0.100815
16  10.9  0.0920579
16  11.1  0.0842252
16  11.3  0.0771945
16  11.5  0.070807
16  11.7  0.0650792
16  11.9  0.0600779
18  0.1  1048.34
18  0.3  830.186
18  0.5  659.404
18  0.7  517.051
18  0.9  401.389
18  1.1  309.405
18  1.3  237.348
18  1.5  181.36
18  1.7  138.349
18  1.9  105.51
18  2.1  80.6061
18  2.3  61.798
18  2.5  47.6216
18  2.7  36.9313
18  2.9  28.8508
18  3.1  22.6925
18  3.3  17.9861
18  3.5  14.3682
18  3.7  11.5667
18  3.9  9.37638
18  4.1  7.64693
18  4.3  6.28604
18  4.5  5.19757
18  4.7  4.32517
18  4.9  3.61569
18  5.1  3.0398
18  5.3  2.57067
18  5.5  2.18416
18  5.7  1.86524
18  5.9  1.5978
18  6.1  1.37614
18  6.3  1.18847
18  6.5  1.03059
18  6.7  0.896973
18  6.9  0.78411
18  7.1  0.686333
18  7.3  0.603396
18  7.5  0.5316
18  7.7  0.469649
18  7.9  0.415924
18  8.1  0.369649
18  8.3  0.329361
18  8.5  0.293944
18  8.7  0.262906
18  8.9  0.235808
18  9.1  0.21182
18  9.3  0.190569
18  9.5  0.171843
18  9.7  0.155095
18  9.9  0.140645
18  10.1  0.127594
18  10.3  0.115963
18  10.5  0.105551
18  10.7  0.0962681
18  10.9  0.0879384
18  11.1  0.0803864
18  11.3  0.0736341
18  11.5  0.0676288
18  11.7  0.0621924
18  11.9  0.0573918
20  0.1  1011.92
20  0.3  801.389
20  0.5  636.04
20  0.7  498.545
20  0.9  386.588
20  1.1  297.529
20  1.3  227.801
20  1.5  173.71
20  1.7  132.26
20  1.9  100.655
20  2.1  76.7804
20  2.3  58.781
20  2.5  45.2425
20  2.7  35.0534
20  2.9  27.3632
20  3.1  21.5138
20  3.3  17.0396
20  3.5  13.6075
20  3.7  10.9503
20  3.9  8.87179
20  4.1  7.23895
20  4.3  5.94492
20  4.5  4.915
20  4.7  4.0905
20  4.9  3.42099
20  5.1  2.8742
20  5.3  2.42984
20  5.5  2.06443
20  5.7  1.76215
20  5.9  1.5104
20  6.1  1.30063
20  6.3  1.1227
20  6.5  0.973737
20  6.7  0.847547
20  6.9  0.740372
20  7.1  0.648741
20  7.3  0.569984
20  7.5  0.502231
20  7.7  0.443606
20  7.9  0.392956
20  8.1  0.349078
20  8.3  0.311019
20  8.5  0.277671
20  8.7  0.248418
20  8.9  0.222566
20  9.1  0.200006
20  9.3  0.179904
20  9.5  0.162184
20  9.7  0.146627
20  9.9  0.132651
20  10.1  0.120413
20  10.3  0.10944
20  10.5  0.0996384
20  10.7  0.0908859
20  10.9  0.0829445
20  11.1  0.0759185
20  11.3  0.0695387
20  11.5  0.0638747
20  11.7  0.0587054
20  11.9  0.0541703
22  0.1  967.159
22  0.3  765.723
22  0.5  607.921
22  0.7  475.728
22  0.9  368.353
22  1.1  282.93
22  1.3  216.08
22  1.5  164.376
22  1.7  124.829
22  1.9  94.7975
22  2.1  72.1658
22  2.3  55.1648
22  2.5  42.3869
22  2.7  32.8144
22  2.9  25.5817
22  3.1  20.0939
22  3.3  15.9088
22  3.5  12.6979
22  3.7  10.21
22  3.9  8.27299
22  4.1  6.74849
22  4.3  5.53977
22  4.5  4.57947
22  4.7  3.80737
22  4.9  3.18461
22  5.1  2.67686
22  5.3  2.26264
22  5.5  1.92184
22  5.7  1.64047
22  5.9  1.40578
22  6.1  1.21036
22  6.3  1.04512
22  6.5  0.906049
22  6.7  0.788235
22  6.9  0.688447
22  7.1  0.603562
22  7.3  0.530235
22  7.5  0.46707
22  7.7  0.412304
22  7.9  0.365296
22  8.1  0.324669
22  8.3  0.289171
22  8.5  0.258093
22  8.7  0.23086
22  8.9  0.206938
22  9.1  0.18586
22  9.3  0.167187
22  9.5  0.150723
22  9.7  0.13608
22  9.9  0.123278
22  10.1  0.111845
22  10.3  0.101684
22  10.5  0.0925392
22  10.7  0.0843705
22  10.9  0.0770228
22  11.1  0.0704967
22  11.3  0.06463
22  11.5  0.0593516
22  11.7  0.0545446
22  11.9  0.0502966
24  0.1  911.31
24  0.3  721.013
24  0.5  571.958
24  0.7  447.285
24  0.9  345.586
24  1.1  264.824
24  1.3  201.624
24  1.5  152.868
24  1.7  115.696
24  1.9  87.6266
24  2.1  66.5425
24  2.3  50.7652
24  2.5  38.9275
24  2.7  30.0895
24  2.9  23.4356
24  3.1  18.3958
24  3.3  14.5539
24  3.5  11.6062
24  3.7  9.32841
24  3.9  7.55148
24  4.1  6.15821
24  4.3  5.05633
24  4.5  4.17879
24  4.7  3.4737
24  4.9  2.90568
24  5.1  2.43966
24  5.3  2.06192
24  5.5  1.75258
24  5.7  1.49448
24  5.9  1.28125
24  6.1  1.10171
24  6.3  0.951741
24  6.5  0.824915
24  6.7  0.718263
24  6.9  0.627172
24  7.1  0.549111
24  7.3  0.482321
24  7.5  0.425018
24  7.7  0.375379
24  7.9  0.332435
24  8.1  0.295315
24  8.3  0.26304
24  8.5  0.234661
24  8.7  0.209956
24  8.9  0.188249
24  9.1  0.169071
24  9.3  0.151989
24  9.5  0.137013
24  9.7  0.12375
24  9.9  0.112049
24  10.1  0.101627
24  10.3  0.0923804
24  10.5  0.0840819
24  10.7  0.0766741
24  10.9  0.0700057
24  11.1  0.0641253
24  11.3  0.0588063
24  11.5  0.0539412
24  11.7  0.0496083
24  11.9  0.0458047
26  0.1  840.135
26  0.3  664.678
26  0.5  526.739
26  0.7  411.358
26  0.9  317.046
26  1.1  242.073
26  1.3  183.602
26  1.5  138.659
26  1.7  104.475
26  1.9  78.8373
26  2.1  59.6657
26  2.3  45.3904
26  2.5  34.7433
26  2.7  26.8063
26  2.9  20.8468
26  3.1  16.3431
26  3.3  12.9147
26  3.5  10.2946
26  3.7  8.26774
26  3.9  6.69204
26  4.1  5.45127
26  4.3  4.47608
26  4.5  3.69819
26  4.7  3.07112
26  4.9  2.56678
26  5.1  2.15796
26  5.3  1.82302
26  5.5  1.54705
26  5.7  1.32045
26  5.9  1.13076
26  6.1  0.972942
26  6.3  0.83998
26  6.5  0.72798
26  6.7  0.633141
26  6.9  0.553097
26  7.1  0.484207
26  7.3  0.425282
26  7.5  0.3747
26  7.7  0.33088
26  7.9  0.292989
26  8.1  0.26027
26  8.3  0.231691
26  8.5  0.206765
26  8.7  0.184931
26  8.9  0.165729
26  9.1  0.148868
26  9.3  0.1339
26  9.5  0.120607
26  9.7  0.108927
26  9.9  0.0986232
26  10.1  0.0894727
26  10.3  0.081308
26  10.5  0.0740084
26  10.7  0.0674934
26  10.9  0.0617024
26  11.1  0.0564539
26  11.3  0.0517431
26  11.5  0.0475532
26  11.7  0.0436827
26  11.9  0.0403169
28  0.1  750.111
28  0.3  592.955
28  0.5  469.554
28  0.7  365.847
28  0.9  281.064
28  1.1  213.684
28  1.3  161.095
28  1.5  120.97
28  1.7  90.7019
28  1.9  68.136
28  2.1  51.3521
28  2.3  38.9403
28  2.5  29.7192
28  2.7  22.8765
28  2.9  17.7566
28  3.1  13.8993
28  3.3  10.97
28  3.5  8.73838
28  3.7  7.01284
28  3.9  5.6658
28  4.1  4.61617
28  4.3  3.78634
28  4.5  3.12617
28  4.7  2.59623
28  4.9  2.16862
28  5.1  1.8202
28  5.3  1.53751
28  5.5  1.30522
28  5.7  1.11304
28  5.9  0.953844
28  6.1  0.820009
28  6.3  0.707514
28  6.5  0.613246
28  6.7  0.533068
28  6.9  0.465474
28  7.1  0.407675
28  7.3  0.358018
28  7.5  0.315108
28  7.7  0.278286
28  7.9  0.2464
28  8.1  0.218801
28  8.3  0.194723
28  8.5  0.173749
28  8.7  0.155332
28  8.9  0.139271
28  9.1  0.124921
28  9.3  0.112415
28  9.5  0.101289
28  9.7  0.0913981
28  9.9  0.0827959
28  10.1  0.0750656
28  10.3  0.0682718
28  10.5  0.0622142
28  10.7  0.0567163
28  10.9  0.0518236
28  11.1  0.0474275
28  11.3  0.0434821
28  11.5  0.0399166
28  11.7  0.0367655
28  11.9  0.0339388
30  0.1  638.403
30  0.3  504.415
30  0.5  398.762
30  0.7  309.772
30  0.9  236.837
30  1.1  178.85
30  1.3  133.915
30  1.5  99.8793
30  1.7  74.3867
30  1.9  55.5165
30  2.1  41.6362
30  2.3  31.4354
30  2.5  23.9131
30  2.7  18.352
30  2.9  14.2113
30  3.1  11.102
30  3.3  8.74671
30  3.5  6.95449
30  3.7  5.57315
30  3.9  4.50085
30  4.1  3.66085
30  4.3  3.00124
30  4.5  2.47481
30  4.7  2.05478
30  4.9  1.71439
30  5.1  1.43873
30  5.3  1.21461
30  5.5  1.03115
30  5.7  0.8783
30  5.9  0.752184
30  6.1  0.646414
30  6.3  0.557435
30  6.5  0.483077
30  6.7  0.419731
30  6.9  0.366391
30  7.1  0.320877
30  7.3  0.281551
30  7.5  0.247904
30  7.7  0.218843
30  7.9  0.193638
30  8.1  0.17178
30  8.3  0.153008
30  8.5  0.136453
30  8.7  0.122022
30  8.9  0.109257
30  9.1  0.0980838
30  9.3  0.0882113
30  9.5  0.0794945
30  9.7  0.0717843
30  9.9  0.0650115
30  10.1  0.0590028
30  10.3  0.0537302
30  10.5  0.0489142
30  10.7  0.0445835
30  10.9  0.0407594
30  11.1  0.0372646
30  11.3  0.0342287
30  11.5  0.0314315
30  11.7  0.0289002
30  11.9  0.0267108
32  0.1  508.726
32  0.3  401.661
32  0.5  317.037
32  0.7  245.248
32  0.9  186.314
32  1.1  139.516
32  1.3  103.533
32  1.5  76.5371
32  1.7  56.5296
32  1.9  41.9035
32  2.1  31.2243
32  2.3  23.4483
32  2.5  17.7613
32  2.7  13.5834
32  2.9  10.4855
32  3.1  8.1704
32  3.3  6.42348
32  3.5  5.09061
32  3.7  4.07489
32  3.9  3.28831
32  4.1  2.6694
32  4.3  2.18701
32  4.5  1.80072
32  4.7  1.49251
32  4.9  1.24496
32  5.1  1.0438
32  5.3  0.880726
32  5.5  0.74666
32  5.7  0.63593
32  5.9  0.543306
32  6.1  0.46676
32  6.3  0.402862
32  6.5  0.348174
32  6.7  0.303245
32  6.9  0.264131
32  7.1  0.231243
32  7.3  0.202931
32  7.5  0.178563
32  7.7  0.157508
32  7.9  0.139373
32  8.1  0.123705
32  8.3  0.110162
32  8.5  0.0983201
32  8.7  0.0876201
32  8.9  0.0785519
32  9.1  0.0705665
32  9.3  0.0634106
32  9.5  0.0572376
32  9.7  0.0515778
32  9.9  0.0467781
32  10.1  0.0424564
32  10.3  0.0385269
32  10.5  0.0350904
32  10.7  0.0320239
32  10.9  0.0292438
32  11.1  0.0267827
32  11.3  0.0245421
32  11.5  0.0225547
32  11.7  0.0207488
32  11.9  0.0191362
34  0.1  376.015
34  0.3  296.541
34  0.5  233.7
34  0.7  179.822
34  0.9  135.439
34  1.1  100.436
34  1.3  73.7076
34  1.5  53.9185
34  1.7  39.4468
34  1.9  28.9726
34  2.1  21.4543
34  2.3  16.0194
34  2.5  12.0631
34  2.7  9.18732
34  2.9  7.07072
34  3.1  5.48894
34  3.3  4.29911
34  3.5  3.40275
34  3.7  2.71661
34  3.9  2.18639
34  4.1  1.77124
34  4.3  1.44715
34  4.5  1.19127
34  4.7  0.98646
34  4.9  0.82103
34  5.1  0.687887
34  5.3  0.579782
34  5.5  0.491131
34  5.7  0.417611
34  5.9  0.35709
34  6.1  0.306415
34  6.3  0.264153
34  6.5  0.228435
34  6.7  0.198368
34  6.9  0.173069
34  7.1  0.15126
34  7.3  0.132679
34  7.5  0.116913
34  7.7  0.103017
34  7.9  0.0913186
34  8.1  0.0810259
34  8.3  0.0721464
34  8.5  0.0644017
34  8.7  0.0572944
34  8.9  0.0515496
34  9.1  0.0462885
34  9.3  0.0414867
34  9.5  0.0381154
34  9.7  0.0341231
34  9.9  0.0309994
34  10.1  0.0278389
34  10.3  0.0254635
34  10.5  0.0232064
34  10.7  0.0212008
34  10.9  0.0192934
34  11.1  0.0177093
34  11.3  0.0162515
34  11.5  0.0149346
34  11.7  0.0137371
34  11.9  0.0126767
