# fragmentation : LHAPDF (data/prompt-D0-1-109/prompt-D0-1-109_0083.dat, member 0, Q=1.5)
# channel       : An0n
#   dipole file dir       : data/Pb/mve/glauber_mve_<b>
#   pD0 loop             : 0.1 to 12.0 GeV, step 0.2
#   fixed rapidity y      : 2.0
# ============================================================
# b  pD0  dsigma_dyd2pD0
0  0.1  289.071
0  0.3  222.258
0  0.5  165.486
0  0.7  118.722
0  0.9  83.5432
0  1.1  58.4022
0  1.3  40.8206
0  1.5  28.6072
0  1.7  20.1665
0  1.9  14.3076
0  2.1  10.2275
0  2.3  7.37271
0  2.5  5.36269
0  2.7  3.93331
0  2.9  2.91011
0  3.1  2.17212
0  3.3  1.63457
0  3.5  1.23981
0  3.7  0.947702
0  3.9  0.729629
0  4.1  0.565674
0  4.3  0.441533
0  4.5  0.346615
0  4.7  0.27387
0  4.9  0.217595
0  5.1  0.173838
0  5.3  0.139579
0  5.5  0.112634
0  5.7  0.0912879
0  5.9  0.0743444
0  6.1  0.0607785
0  6.3  0.0498861
0  6.5  0.041099
0  6.7  0.0339831
0  6.9  0.0282064
0  7.1  0.0234667
0  7.3  0.0195991
0  7.5  0.0164291
0  7.7  0.0138018
0  7.9  0.0116198
0  8.1  0.00981996
0  8.3  0.00831464
0  8.5  0.00705629
0  8.7  0.00600278
0  8.9  0.0051191
0  9.1  0.00437491
0  9.3  0.00374662
0  9.5  0.0032152
0  9.7  0.0027646
0  9.9  0.00238132
0  10.1  0.00205476
0  10.3  0.00177625
0  10.5  0.00153799
0  10.7  0.00133368
0  10.9  0.00115877
0  11.1  0.00100838
0  11.3  0.000878716
0  11.5  0.000766827
0  11.7  0.00067008
0  11.9  0.000586405
2  0.1  288.84
2  0.3  222.079
2  0.5  165.351
2  0.7  118.624
2  0.9  83.4719
2  1.1  58.3502
2  1.3  40.7824
2  1.5  28.579
2  1.7  20.1457
2  1.9  14.2922
2  2.1  10.216
2  2.3  7.36415
2  2.5  5.35623
2  2.7  3.92844
2  2.9  2.90643
2  3.1  2.16932
2  3.3  1.63243
2  3.5  1.23815
2  3.7  0.946412
2  3.9  0.728623
2  4.1  0.564885
2  4.3  0.44091
2  4.5  0.346122
2  4.7  0.273476
2  4.9  0.21728
2  5.1  0.173585
2  5.3  0.139374
2  5.5  0.112469
2  5.7  0.091153
2  5.9  0.0742331
2  6.1  0.0606874
2  6.3  0.0498112
2  6.5  0.0410371
2  6.7  0.0339317
2  6.9  0.0281634
2  7.1  0.023431
2  7.3  0.0195692
2  7.5  0.016404
2  7.7  0.0137807
2  7.9  0.0116019
2  8.1  0.00980484
2  8.3  0.0083018
2  8.5  0.00704539
2  8.7  0.0059934
2  8.9  0.00511109
2  9.1  0.00436798
2  9.3  0.00374065
2  9.5  0.00321007
2  9.7  0.0027602
2  9.9  0.00237751
2  10.1  0.00205144
2  10.3  0.00177337
2  10.5  0.00153553
2  10.7  0.00133155
2  10.9  0.00115692
2  11.1  0.00100674
2  11.3  0.000877292
2  11.5  0.000765589
2  11.7  0.000668994
2  11.9  0.00058545
4  0.1  288.138
4  0.3  221.536
4  0.5  164.943
4  0.7  118.327
4  0.9  83.2535
4  1.1  58.2191
4  1.3  40.6667
4  1.5  28.4939
4  1.7  20.0829
4  1.9  14.2459
4  2.1  10.1815
4  2.3  7.33885
4  2.5  5.33706
4  2.7  3.9139
4  2.9  2.89537
4  3.1  2.16078
4  3.3  1.62595
4  3.5  1.23309
4  3.7  0.942513
4  3.9  0.725585
4  4.1  0.562288
4  4.3  0.438853
4  4.5  0.344607
4  4.7  0.272382
4  4.9  0.216378
4  5.1  0.17294
4  5.3  0.138903
4  5.5  0.112041
4  5.7  0.0908272
4  5.9  0.0739587
4  6.1  0.0604942
4  6.3  0.0496786
4  6.5  0.0409485
4  6.7  0.0338833
4  6.9  0.0281245
4  7.1  0.0234283
4  7.3  0.01958
4  7.5  0.0164155
4  7.7  0.013803
4  7.9  0.0116391
4  8.1  0.00983958
4  8.3  0.00834215
4  8.5  0.00709578
4  8.7  0.00604756
4  8.9  0.0051613
4  9.1  0.00442276
4  9.3  0.00379293
4  9.5  0.00325941
4  9.7  0.00281068
4  9.9  0.00242826
4  10.1  0.00210257
4  10.3  0.00182217
4  10.5  0.00158431
4  10.7  0.00137765
4  10.9  0.0012037
4  11.1  0.00105129
4  11.3  0.000922849
4  11.5  0.000810578
4  11.7  0.000712011
4  11.9  0.000627309
6  0.1  286.968
6  0.3  220.63
6  0.5  164.263
6  0.7  117.829
6  0.9  82.8928
6  1.1  57.9568
6  1.3  40.4721
6  1.5  28.3501
6  1.7  19.9766
6  1.9  14.1673
6  2.1  10.123
6  2.3  7.29488
6  2.5  5.30421
6  2.7  3.88919
6  2.9  2.87674
6  3.1  2.14668
6  3.3  1.6151
6  3.5  1.22478
6  3.7  0.936025
6  3.9  0.720531
6  4.1  0.558536
6  4.3  0.435905
6  4.5  0.342157
6  4.7  0.270313
6  4.9  0.214745
6  5.1  0.171547
6  5.3  0.137726
6  5.5  0.111132
6  5.7  0.0900628
6  5.9  0.0733363
6  6.1  0.0599531
6  6.3  0.0492066
6  6.5  0.0405355
6  6.7  0.0335156
6  6.9  0.0278068
6  7.1  0.0231432
6  7.3  0.0193393
6  7.5  0.016201
6  7.7  0.0136095
6  7.9  0.0114579
6  8.1  0.00967222
6  8.3  0.00819776
6  8.5  0.00695729
6  8.7  0.00591731
6  8.9  0.00504658
6  9.1  0.00431299
6  9.3  0.00369355
6  9.5  0.00316932
6  9.7  0.00272489
6  9.9  0.00234691
6  10.1  0.00202514
6  10.3  0.00175059
6  10.5  0.00151417
6  10.7  0.00131446
6  10.9  0.00114204
6  11.1  0.000993749
6  11.3  0.000866025
6  11.5  0.000755663
6  11.7  0.000660391
6  11.9  0.00057788
8  0.1  285.276
8  0.3  219.325
8  0.5  163.284
8  0.7  117.113
8  0.9  82.3724
8  1.1  57.5788
8  1.3  40.1933
8  1.5  28.1447
8  1.7  19.8247
8  1.9  14.0551
8  2.1  10.0396
8  2.3  7.2328
8  2.5  5.25759
8  2.7  3.85404
8  2.9  2.85015
8  3.1  2.1264
8  3.3  1.59959
8  3.5  1.21282
8  3.7  0.926775
8  3.9  0.713303
8  4.1  0.55286
8  4.3  0.431416
8  4.5  0.338613
8  4.7  0.267488
8  4.9  0.212486
8  5.1  0.169726
8  5.3  0.136256
8  5.5  0.109936
8  5.7  0.089088
8  5.9  0.072543
8  6.1  0.059298
8  6.3  0.0486661
8  6.5  0.0400887
8  6.7  0.0331448
8  6.9  0.0275078
8  7.1  0.0228829
8  7.3  0.0191103
8  7.5  0.0160182
8  7.7  0.0134557
8  7.9  0.0113338
8  8.1  0.00957209
8  8.3  0.00810409
8  8.5  0.00687715
8  8.7  0.00584985
8  8.9  0.0049885
8  9.1  0.00426308
8  9.3  0.00365071
8  9.5  0.00313268
8  9.7  0.00269351
8  9.9  0.00231999
8  10.1  0.0020017
8  10.3  0.00173025
8  10.5  0.00149815
8  10.7  0.00129908
8  10.9  0.00112868
8  11.1  0.000982118
8  11.3  0.000855802
8  11.5  0.000746766
8  11.7  0.00065249
8  11.9  0.000571003
10  0.1  283.027
10  0.3  217.587
10  0.5  161.978
10  0.7  116.158
10  0.9  81.6796
10  1.1  57.0743
10  1.3  39.8241
10  1.5  27.8731
10  1.7  19.6249
10  1.9  13.9062
10  2.1  9.92981
10  2.3  7.15137
10  2.5  5.19627
10  2.7  3.80775
10  2.9  2.81511
10  3.1  2.09968
10  3.3  1.57915
10  3.5  1.19699
10  3.7  0.91451
10  3.9  0.70377
10  4.1  0.545209
10  4.3  0.425394
10  4.5  0.333951
10  4.7  0.263807
10  4.9  0.209669
10  5.1  0.167483
10  5.3  0.134481
10  5.5  0.108508
10  5.7  0.0879621
10  5.9  0.071608
10  6.1  0.0586042
10  6.3  0.0481143
10  6.5  0.0396535
10  6.7  0.0328065
10  6.9  0.0272435
10  7.1  0.0226897
10  7.3  0.0189681
10  7.5  0.0159031
10  7.7  0.0133741
10  7.9  0.0112788
10  8.1  0.00954024
10  8.3  0.00809113
10  8.5  0.00687939
10  8.7  0.00586428
10  8.9  0.00501283
10  9.1  0.00428902
10  9.3  0.00368191
10  9.5  0.00317013
10  9.7  0.00273513
10  9.9  0.00236661
10  10.1  0.00204855
10  10.3  0.00177944
10  10.5  0.00154767
10  10.7  0.00134804
10  10.9  0.00117662
10  11.1  0.00103181
10  11.3  0.000905877
10  11.5  0.000796272
10  11.7  0.000700982
10  11.9  0.000618952
12  0.1  280.182
12  0.3  215.388
12  0.5  160.329
12  0.7  114.951
12  0.9  80.8043
12  1.1  56.4373
12  1.3  39.3553
12  1.5  27.5278
12  1.7  19.369
12  1.9  13.7188
12  2.1  9.78986
12  2.3  7.04694
12  2.5  5.11821
12  2.7  3.74903
12  2.9  2.77083
12  3.1  2.06597
12  3.3  1.55338
12  3.5  1.1772
12  3.7  0.89912
12  3.9  0.691784
12  4.1  0.535984
12  4.3  0.417976
12  4.5  0.328077
12  4.7  0.25909
12  4.9  0.205769
12  5.1  0.164323
12  5.3  0.131888
12  5.5  0.10639
12  5.7  0.0861997
12  5.9  0.070179
12  6.1  0.057355
12  6.3  0.0470654
12  6.5  0.0387639
12  6.7  0.0320447
12  6.9  0.0265921
12  7.1  0.0221175
12  7.3  0.0184694
12  7.5  0.0154794
12  7.7  0.0130018
12  7.9  0.0109506
12  8.1  0.00924756
12  8.3  0.00782853
12  8.5  0.0066426
12  8.7  0.00564986
12  8.9  0.00481749
12  9.1  0.00411655
12  9.3  0.00352494
12  9.5  0.00302447
12  9.7  0.00260027
12  9.9  0.00223951
12  10.1  0.00193216
12  10.3  0.00167004
12  10.5  0.00144594
12  10.7  0.00125379
12  10.9  0.00108917
12  11.1  0.000947673
12  11.3  0.000825733
12  11.5  0.000720502
12  11.7  0.000629528
12  11.9  0.000550848
14  0.1  276.731
14  0.3  212.644
14  0.5  158.271
14  0.7  113.444
14  0.9  79.7122
14  1.1  55.6414
14  1.3  38.7725
14  1.5  27.0994
14  1.7  19.054
14  1.9  13.4858
14  2.1  9.61723
14  2.3  6.91877
14  2.5  5.02215
14  2.7  3.67674
14  2.9  2.71619
14  3.1  2.02442
14  3.3  1.52159
14  3.5  1.15275
14  3.7  0.880152
14  3.9  0.677027
14  4.1  0.524417
14  4.3  0.408862
14  4.5  0.320859
14  4.7  0.253339
14  4.9  0.201168
14  5.1  0.160623
14  5.3  0.128899
14  5.5  0.103965
14  5.7  0.0842244
14  5.9  0.0685631
14  6.1  0.0560268
14  6.3  0.0459726
14  6.5  0.0378591
14  6.7  0.0312938
14  6.9  0.0259659
14  7.1  0.0215946
14  7.3  0.0180305
14  7.5  0.0151107
14  7.7  0.012691
14  7.9  0.0106882
14  8.1  0.0090251
14  8.3  0.00763967
14  8.5  0.00648195
14  8.7  0.00551275
14  8.9  0.00470027
14  9.1  0.00401628
14  9.3  0.00343893
14  9.5  0.00295049
14  9.7  0.00253648
14  9.9  0.00218447
14  10.1  0.0018846
14  10.3  0.00162882
14  10.5  0.00141019
14  10.7  0.00122274
14  10.9  0.00106211
14  11.1  0.000924099
14  11.3  0.000805193
14  11.5  0.000702536
14  11.7  0.000613766
14  11.9  0.00053703
16  0.1  272.351
16  0.3  209.267
16  0.5  155.737
16  0.7  111.59
16  0.9  78.369
16  1.1  54.6638
16  1.3  38.0576
16  1.5  26.5746
16  1.7  18.6677
16  1.9  13.2008
16  2.1  9.40637
16  2.3  6.76226
16  2.5  4.90498
16  2.7  3.58871
16  2.9  2.64977
16  3.1  1.97392
16  3.3  1.48297
16  3.5  1.12308
16  3.7  0.857159
16  3.9  0.659142
16  4.1  0.510398
16  4.3  0.397818
16  4.5  0.312116
16  4.7  0.246377
16  4.9  0.195602
16  5.1  0.156145
16  5.3  0.125284
16  5.5  0.10103
16  5.7  0.0818321
16  5.9  0.0665986
16  6.1  0.0544177
16  6.3  0.0446448
16  6.5  0.0367612
16  6.7  0.0303826
16  6.9  0.0252074
16  7.1  0.0209609
16  7.3  0.0175111
16  7.5  0.0146645
16  7.7  0.0123149
16  7.9  0.0103707
16  8.1  0.00875608
16  8.3  0.00741118
16  8.5  0.00628754
16  8.7  0.0053469
16  8.9  0.00455857
16  9.1  0.00389487
16  9.3  0.00333472
16  9.5  0.00286099
16  9.7  0.00245925
16  9.9  0.00211787
16  10.1  0.00182707
16  10.3  0.00157897
16  10.5  0.00136695
16  10.7  0.00118514
16  10.9  0.00102945
16  11.1  0.000895635
16  11.3  0.000780344
16  11.5  0.000680828
16  11.7  0.000594815
16  11.9  0.000520398
18  0.1  266.998
18  0.3  205.12
18  0.5  152.627
18  0.7  109.315
18  0.9  76.721
18  1.1  53.4641
18  1.3  37.1826
18  1.5  25.9335
18  1.7  18.1972
18  1.9  12.8538
18  2.1  9.15004
18  2.3  6.57211
18  2.5  4.76286
18  2.7  3.48198
18  2.9  2.56932
18  3.1  1.9128
18  3.3  1.43622
18  3.5  1.0872
18  3.7  0.829417
18  3.9  0.637527
18  4.1  0.493361
18  4.3  0.384484
18  4.5  0.301563
18  4.7  0.237976
18  4.9  0.188883
18  5.1  0.150745
18  5.3  0.120924
18  5.5  0.097492
18  5.7  0.0789514
18  5.9  0.0642422
18  6.1  0.0524832
18  6.3  0.0430517
18  6.5  0.0354437
18  6.7  0.0292885
18  6.9  0.0242964
18  7.1  0.0202135
18  7.3  0.0168737
18  7.5  0.0141289
18  7.7  0.0118637
18  7.9  0.00998985
18  8.1  0.00843332
18  8.3  0.00713726
18  8.5  0.00605463
18  8.7  0.00514827
18  8.9  0.00438891
18  9.1  0.0037496
18  9.3  0.00321002
18  9.5  0.00275384
18  9.7  0.00236681
18  9.9  0.00203808
18  10.1  0.00175819
18  10.3  0.00151929
18  10.5  0.00131519
18  10.7  0.00114013
18  10.9  0.000990277
18  11.1  0.000861506
18  11.3  0.000750541
18  11.5  0.000654798
18  11.7  0.00057204
18  11.9  0.000500434
20  0.1  260.25
20  0.3  199.999
20  0.5  148.786
20  0.7  106.508
20  0.9  74.6896
20  1.1  51.9865
20  1.3  36.1066
20  1.5  25.1468
20  1.7  17.6203
20  1.9  12.4294
20  2.1  8.83726
20  2.3  6.34033
20  2.5  4.59002
20  2.7  3.35258
20  2.9  2.4717
20  3.1  1.83871
20  3.3  1.37968
20  3.5  1.04373
20  3.7  0.795887
20  3.9  0.6114
20  4.1  0.472952
20  4.3  0.368408
20  4.5  0.288841
20  4.7  0.227851
20  4.9  0.180791
20  5.1  0.144243
20  5.3  0.115679
20  5.5  0.0932347
20  5.7  0.0754859
20  5.9  0.0614076
20  6.1  0.0501564
20  6.3  0.0411345
20  6.5  0.0338588
20  6.7  0.0279738
20  6.9  0.0232014
20  7.1  0.0192988
20  7.3  0.0161079
20  7.5  0.0134858
20  7.7  0.0113219
20  7.9  0.0095322
20  8.1  0.00804577
20  8.3  0.00680865
20  8.5  0.00577504
20  8.7  0.00490977
20  8.9  0.00418472
20  9.1  0.00357514
20  9.3  0.00306031
20  9.5  0.00262502
20  9.7  0.00225608
20  9.9  0.00194225
20  10.1  0.00167547
20  10.3  0.0014477
20  10.5  0.00125307
20  10.7  0.0010862
20  10.9  0.000943377
20  11.1  0.000820495
20  11.3  0.000714744
20  11.5  0.000623498
20  11.7  0.00054476
20  11.9  0.000476543
22  0.1  252.008
22  0.3  193.603
22  0.5  143.988
22  0.7  103.003
22  0.9  72.154
22  1.1  50.1496
22  1.3  34.7697
22  1.5  24.173
22  1.7  16.9071
22  1.9  11.9062
22  2.1  8.45222
22  2.3  6.05538
22  2.5  4.37805
22  2.7  3.19397
22  2.9  2.35238
22  3.1  1.7483
22  3.3  1.31074
22  3.5  0.990804
22  3.7  0.754879
22  3.9  0.579637
22  4.1  0.448139
22  4.3  0.348887
22  4.5  0.273417
22  4.7  0.215549
22  4.9  0.171075
22  5.1  0.136363
22  5.3  0.10939
22  5.5  0.0880848
22  5.7  0.0712884
22  5.9  0.0579744
22  6.1  0.0473403
22  6.3  0.0388161
22  6.5  0.0319407
22  6.7  0.0263836
22  6.9  0.0218771
22  7.1  0.0181947
22  7.3  0.0151725
22  7.5  0.0127083
22  7.7  0.0106671
22  7.9  0.00897974
22  8.1  0.00757845
22  8.3  0.00641108
22  8.5  0.0054374
22  8.7  0.00462221
22  8.9  0.00393949
22  9.1  0.0033648
22  9.3  0.00287964
22  9.5  0.00246957
22  9.7  0.00212224
22  9.9  0.00182731
22  10.1  0.00157449
22  10.3  0.00136012
22  10.5  0.00117808
22  10.7  0.00102111
22  10.9  0.000886788
22  11.1  0.000771269
22  11.3  0.000671904
22  11.5  0.000586055
22  11.7  0.000511862
22  11.9  0.000447729
24  0.1  241.466
24  0.3  185.518
24  0.5  137.904
24  0.7  98.5545
24  0.9  68.9428
24  1.1  47.8255
24  1.3  33.0852
24  1.5  22.9489
24  1.7  16.0138
24  1.9  11.2527
24  2.1  7.97269
24  2.3  5.70129
24  2.5  4.11534
24  2.7  2.99796
24  2.9  2.2051
24  3.1  1.63693
24  3.3  1.22591
24  3.5  0.925769
24  3.7  0.70468
24  3.9  0.540652
24  4.1  0.417726
24  4.3  0.324987
24  4.5  0.254494
24  4.7  0.200609
24  4.9  0.159104
24  5.1  0.126738
24  5.3  0.101619
24  5.5  0.0817962
24  5.7  0.0661723
24  5.9  0.0537941
24  6.1  0.0439095
24  6.3  0.0359908
24  6.5  0.0296084
24  6.7  0.0244486
24  6.9  0.0202678
24  7.1  0.0168496
24  7.3  0.0140574
24  7.5  0.0117637
24  7.7  0.00987209
24  7.9  0.00830822
24  8.1  0.00700983
24  8.3  0.00592914
24  8.5  0.00502762
24  8.7  0.0042728
24  8.9  0.00364094
24  9.1  0.00310917
24  9.3  0.00266109
24  9.5  0.00228134
24  9.7  0.00196008
24  9.9  0.00168747
24  10.1  0.00145376
24  10.3  0.00125679
24  10.5  0.00108746
24  10.7  0.000942414
24  10.9  0.000818285
24  11.1  0.000711664
24  11.3  0.000619809
24  11.5  0.000540578
24  11.7  0.000472115
24  11.9  0.000412873
26  0.1  227.862
26  0.3  175.008
26  0.5  130.042
26  0.7  92.8144
26  0.9  64.8062
26  1.1  44.8377
26  1.3  30.9275
26  1.5  21.387
26  1.7  14.8788
26  1.9  10.426
26  2.1  7.36788
26  2.3  5.25609
26  2.5  3.78573
26  2.7  2.75298
26  2.9  2.02135
26  3.1  1.4982
26  3.3  1.12044
26  3.5  0.844958
26  3.7  0.642512
26  3.9  0.492457
26  4.1  0.380102
26  4.3  0.295508
26  4.5  0.231215
26  4.7  0.182062
26  4.9  0.144231
26  5.1  0.114901
26  5.3  0.0920152
26  5.5  0.0740915
26  5.7  0.0598838
26  5.9  0.0486629
26  6.1  0.0397101
26  6.3  0.0325266
26  6.5  0.0267499
26  6.7  0.0220729
26  6.9  0.0182921
26  7.1  0.015201
26  7.3  0.0126774
26  7.5  0.0106041
26  7.7  0.00889209
26  7.9  0.0074788
26  8.1  0.00631363
26  8.3  0.00533379
26  8.5  0.00452049
26  8.7  0.00384546
26  8.9  0.00327596
26  9.1  0.00279459
26  9.3  0.00239333
26  9.5  0.00205146
26  9.7  0.001762
26  9.9  0.00151569
26  10.1  0.00130748
26  10.3  0.00112823
26  10.5  0.000977422
26  10.7  0.000847427
26  10.9  0.000735209
26  11.1  0.000640435
26  11.3  0.000558323
26  11.5  0.000487441
26  11.7  0.00042648
26  11.9  0.00037339
28  0.1  210.002
28  0.3  161.271
28  0.5  119.786
28  0.7  85.3358
28  0.9  59.4353
28  1.1  40.9654
28  1.3  28.1431
28  1.5  19.3819
28  1.7  13.4293
28  1.9  9.37588
28  2.1  6.60308
28  2.3  4.69581
28  2.5  3.37238
28  2.7  2.44656
28  2.9  1.79215
28  3.1  1.32573
28  3.3  0.989602
28  3.5  0.745081
28  3.7  0.565724
28  3.9  0.432975
28  4.1  0.333744
28  4.3  0.25918
28  4.5  0.202573
28  4.7  0.15933
28  4.9  0.126115
28  5.1  0.100387
28  5.3  0.0803889
28  5.5  0.0646103
28  5.7  0.0522055
28  5.9  0.0423874
28  6.1  0.0345581
28  6.3  0.0282957
28  6.5  0.0232556
28  6.7  0.0191841
28  6.9  0.0158822
28  7.1  0.0131981
28  7.3  0.0110024
28  7.5  0.00919998
28  7.7  0.00771447
28  7.9  0.00648769
28  8.1  0.00547015
28  8.3  0.00462369
28  8.5  0.00391808
28  8.7  0.00332768
28  8.9  0.00283368
28  9.1  0.00241853
28  9.3  0.00206854
28  9.5  0.00177246
28  9.7  0.00152213
28  9.9  0.00130948
28  10.1  0.0011277
28  10.3  0.000974426
28  10.5  0.000842686
28  10.7  0.000730027
28  10.9  0.000633621
28  11.1  0.000550819
28  11.3  0.000479523
28  11.5  0.000418043
28  11.7  0.000364958
28  11.9  0.000319015
30  0.1  187.095
30  0.3  143.573
30  0.5  106.529
30  0.7  75.731
30  0.9  52.5433
30  1.1  36.0335
30  1.3  24.643
30  1.5  16.8886
30  1.7  11.635
30  1.9  8.07768
30  2.1  5.66227
30  2.3  4.01316
30  2.5  2.87449
30  2.7  2.08011
30  2.9  1.52057
30  3.1  1.12357
30  3.3  0.838314
30  3.5  0.631125
30  3.7  0.479353
30  3.9  0.36467
30  4.1  0.279591
30  4.3  0.215997
30  4.5  0.168463
30  4.7  0.132299
30  4.9  0.104601
30  5.1  0.0831923
30  5.3  0.0664939
30  5.5  0.0534305
30  5.7  0.0430996
30  5.9  0.0349868
30  6.1  0.0284979
30  6.3  0.0233053
30  6.5  0.0191373
30  6.7  0.0157816
30  6.9  0.0130559
30  7.1  0.0108387
30  7.3  0.00903038
30  7.5  0.00754658
30  7.7  0.00632538
30  7.9  0.00531537
30  8.1  0.00447884
30  8.3  0.00378427
30  8.5  0.00320429
30  8.7  0.00272035
30  8.9  0.0023154
30  9.1  0.00197535
30  9.3  0.00168881
30  9.5  0.00144643
30  9.7  0.00124163
30  9.9  0.00106766
30  10.1  0.000919075
30  10.3  0.000793844
30  10.5  0.000686252
30  10.7  0.000594279
30  10.9  0.000515613
30  11.1  0.000448074
30  11.3  0.000389951
30  11.5  0.000339851
30  11.7  0.000296591
30  11.9  0.000259182
32  0.1  158.763
32  0.3  121.771
32  0.5  90.2601
32  0.7  63.9407
32  0.9  44.1178
32  1.1  30.0545
32  1.3  20.3861
32  1.5  13.8604
32  1.7  9.48886
32  1.9  6.54885
32  2.1  4.56532
32  2.3  3.2155
32  2.5  2.29006
32  2.7  1.64865
32  2.9  1.19892
32  3.1  0.881443
32  3.3  0.654467
32  3.5  0.490271
32  3.7  0.37035
32  3.9  0.28237
32  4.1  0.216821
32  4.3  0.167773
32  4.5  0.130703
32  4.7  0.10249
32  4.9  0.080886
32  5.1  0.0642129
32  5.3  0.0512484
32  5.5  0.0411135
32  5.7  0.0331612
32  5.9  0.0268635
32  6.1  0.0218621
32  6.3  0.0178664
32  6.5  0.0146576
32  6.7  0.0120645
32  6.9  0.00997431
32  7.1  0.00827108
32  7.3  0.00688582
32  7.5  0.0057491
32  7.7  0.0048145
32  7.9  0.00404332
32  8.1  0.0034044
32  8.3  0.00287427
32  8.5  0.00243225
32  8.7  0.00206334
32  8.9  0.00175509
32  9.1  0.00149642
32  9.3  0.00127863
32  9.5  0.00109442
32  9.7  0.000938817
32  9.9  0.000806936
32  10.1  0.000694764
32  10.3  0.000599317
32  10.5  0.00051779
32  10.7  0.000448105
32  10.9  0.000388607
32  11.1  0.000337582
32  11.3  0.000293683
32  11.5  0.000255821
32  11.7  0.000223165
32  11.9  0.000194922
