# fragmentation : LHAPDF (data/prompt-D0-1-109/prompt-D0-1-109_0093.dat, member 0, Q=1*mt0=1.50333)
# channel       : An0n
#   dipole file dir       : data/Pb/mve/glauber_mve_<b>
#   pD0 loop             : 0.1 to 12.0 GeV, step 0.2
#   fixed rapidity y      : 2.0
# ============================================================
# b  pD0  dsigma_dyd2pD0
0  0.1  333.935
0  0.3  257.056
0  0.5  190.043
0  0.7  134.409
0  0.9  92.8007
0  1.1  63.3669
0  1.3  43.098
0  1.5  29.354
0  1.7  20.087
0  1.9  13.8397
0  2.1  9.6118
0  2.3  6.7402
0  2.5  4.77209
0  2.7  3.41156
0  2.9  2.46244
0  3.1  1.79471
0  3.3  1.32049
0  3.5  0.980314
0  3.7  0.733708
0  3.9  0.553798
0  4.1  0.421073
0  4.3  0.322664
0  4.5  0.248865
0  4.7  0.193367
0  4.9  0.151104
0  5.1  0.118852
0  5.3  0.09396
0  5.5  0.0747056
0  5.7  0.0596657
0  5.9  0.0479041
0  6.1  0.038635
0  6.3  0.0313124
0  6.5  0.025448
0  6.7  0.0207947
0  6.9  0.0170263
0  7.1  0.0140037
0  7.3  0.0115547
0  7.5  0.00956935
0  7.7  0.0079478
0  7.9  0.00661967
0  8.1  0.00553119
0  8.3  0.00464032
0  8.5  0.00389092
0  8.7  0.0032764
0  8.9  0.00277074
0  9.1  0.00234493
0  9.3  0.00198846
0  9.5  0.00168806
0  9.7  0.00143997
0  9.9  0.00122697
0  10.1  0.00104915
0  10.3  0.0009003
0  10.5  0.000772688
0  10.7  0.000664196
0  10.9  0.000572158
0  11.1  0.000493789
0  11.3  0.000426746
0  11.5  0.000369351
0  11.7  0.00032009
0  11.9  0.00027793
2  0.1  333.669
2  0.3  256.849
2  0.5  189.889
2  0.7  134.298
2  0.9  92.7206
2  1.1  63.3094
2  1.3  43.0569
2  1.5  29.3246
2  1.7  20.0659
2  1.9  13.8245
2  2.1  9.6008
2  2.3  6.73223
2  2.5  4.76626
2  2.7  3.40728
2  2.9  2.45929
2  3.1  1.79237
2  3.3  1.31874
2  3.5  0.978991
2  3.7  0.732698
2  3.9  0.553027
2  4.1  0.420479
2  4.3  0.322205
2  4.5  0.248509
2  4.7  0.193087
2  4.9  0.150883
2  5.1  0.118678
2  5.3  0.093821
2  5.5  0.0745949
2  5.7  0.0595769
2  5.9  0.0478364
2  6.1  0.0385767
2  6.3  0.0312652
2  6.5  0.0254094
2  6.7  0.0207631
2  6.9  0.0170001
2  7.1  0.0139823
2  7.3  0.011537
2  7.5  0.00955465
2  7.7  0.00793555
2  7.9  0.00660948
2  8.1  0.00552264
2  8.3  0.00463313
2  8.5  0.00388489
2  8.7  0.00327126
2  8.9  0.00276639
2  9.1  0.00234121
2  9.3  0.00198527
2  9.5  0.00168536
2  9.7  0.00143767
2  9.9  0.001225
2  10.1  0.00104745
2  10.3  0.000898834
2  10.5  0.000771442
2  10.7  0.000663129
2  10.9  0.000571241
2  11.1  0.000492983
2  11.3  0.000426051
2  11.5  0.00036875
2  11.7  0.00031957
2  11.9  0.000277475
4  0.1  332.858
4  0.3  256.221
4  0.5  189.421
4  0.7  133.959
4  0.9  92.475
4  1.1  63.1343
4  1.3  42.9306
4  1.5  29.2352
4  1.7  20.0021
4  1.9  13.7785
4  2.1  9.56766
4  2.3  6.70824
4  2.5  4.74879
4  2.7  3.39439
4  2.9  2.4498
4  3.1  1.78554
4  3.3  1.31336
4  3.5  0.974906
4  3.7  0.729643
4  3.9  0.550702
4  4.1  0.418731
4  4.3  0.320787
4  4.5  0.247498
4  4.7  0.192292
4  4.9  0.150283
4  5.1  0.118205
4  5.3  0.0934944
4  5.5  0.0743242
4  5.7  0.0593528
4  5.9  0.04767
4  6.1  0.0384727
4  6.3  0.0311675
4  6.5  0.0253687
4  6.7  0.0207199
4  6.9  0.0169897
4  7.1  0.0139917
4  7.3  0.0115498
4  7.5  0.00957837
4  7.7  0.00796258
4  7.9  0.00664237
4  8.1  0.00555665
4  8.3  0.00466283
4  8.5  0.00392212
4  8.7  0.00330808
4  8.9  0.00280099
4  9.1  0.00237672
4  9.3  0.00202113
4  9.5  0.00172262
4  9.7  0.00147139
4  9.9  0.0012603
4  10.1  0.00108054
4  10.3  0.000930124
4  10.5  0.00080063
4  10.7  0.000692493
4  10.9  0.000600685
4  11.1  0.000521332
4  11.3  0.000454066
4  11.5  0.000395719
4  11.7  0.000345341
4  11.9  0.000302182
6  0.1  331.508
6  0.3  255.172
6  0.5  188.636
6  0.7  133.392
6  0.9  92.0686
6  1.1  62.8422
6  1.3  42.7231
6  1.5  29.086
6  1.7  19.8945
6  1.9  13.7012
6  2.1  9.51191
6  2.3  6.66777
6  2.5  4.71925
6  2.7  3.37279
6  2.9  2.43383
6  3.1  1.77345
6  3.3  1.30458
6  3.5  0.968309
6  3.7  0.724597
6  3.9  0.546829
6  4.1  0.415719
6  4.3  0.318523
6  4.5  0.245645
6  4.7  0.190843
6  4.9  0.149116
6  5.1  0.117277
6  5.3  0.0927069
6  5.5  0.0737046
6  5.7  0.058858
6  5.9  0.0472547
6  6.1  0.0381084
6  6.3  0.030884
6  6.5  0.0251224
6  6.7  0.0205076
6  6.9  0.0167907
6  7.1  0.0138087
6  7.3  0.0114053
6  7.5  0.00943529
6  7.7  0.00783661
6  7.9  0.0065264
6  8.1  0.00546151
6  8.3  0.00457525
6  8.5  0.00384128
6  8.7  0.00322977
6  8.9  0.00273107
6  9.1  0.00231106
6  9.3  0.00195988
6  9.5  0.00166609
6  9.7  0.00141932
6  9.9  0.00120949
6  10.1  0.001034
6  10.3  0.000885897
6  10.5  0.000760348
6  10.7  0.000653665
6  10.9  0.000563069
6  11.1  0.000485949
6  11.3  0.000420447
6  11.5  0.000363862
6  11.7  0.00031543
6  11.9  0.000273856
8  0.1  329.556
8  0.3  253.66
8  0.5  187.508
8  0.7  132.577
8  0.9  91.4843
8  1.1  62.4231
8  1.3  42.4233
8  1.5  28.8719
8  1.7  19.741
8  1.9  13.5907
8  2.1  9.43227
8  2.3  6.61008
8  2.5  4.67716
8  2.7  3.34192
8  2.9  2.41104
8  3.1  1.7565
8  3.3  1.2919
8  3.5  0.958755
8  3.7  0.71735
8  3.9  0.541293
8  4.1  0.411583
8  4.3  0.315227
8  4.5  0.24308
8  4.7  0.188834
8  4.9  0.147533
8  5.1  0.116023
8  5.3  0.0917101
8  5.5  0.0729051
8  5.7  0.0582189
8  5.9  0.0467422
8  6.1  0.0376889
8  6.3  0.0305422
8  6.5  0.0248192
8  6.7  0.0202795
8  6.9  0.0166025
8  7.1  0.0136539
8  7.3  0.0112653
8  7.5  0.009329
8  7.7  0.00774761
8  7.9  0.00645243
8  8.1  0.00539108
8  8.3  0.00452247
8  8.5  0.00379712
8  8.7  0.00319264
8  8.9  0.00269984
8  9.1  0.00228484
8  9.3  0.0019374
8  9.5  0.0016446
8  9.7  0.00140282
8  9.9  0.0011953
8  10.1  0.00102201
8  10.3  0.000876945
8  10.5  0.000752617
8  10.7  0.000646933
8  10.9  0.000557263
8  11.1  0.000480894
8  11.3  0.000415594
8  11.5  0.000359662
8  11.7  0.00031167
8  11.9  0.000270615
10  0.1  326.963
10  0.3  251.643
10  0.5  186.01
10  0.7  131.493
10  0.9  90.7079
10  1.1  61.8662
10  1.3  42.0256
10  1.5  28.5881
10  1.7  19.5381
10  1.9  13.4456
10  2.1  9.32696
10  2.3  6.53374
10  2.5  4.62049
10  2.7  3.30113
10  2.9  2.38098
10  3.1  1.73446
10  3.3  1.27509
10  3.5  0.946043
10  3.7  0.707788
10  3.9  0.533986
10  4.1  0.405921
10  4.3  0.310924
10  4.5  0.239799
10  4.7  0.186284
10  4.9  0.145558
10  5.1  0.114485
10  5.3  0.0905134
10  5.5  0.07196
10  5.7  0.0574666
10  5.9  0.0461559
10  6.1  0.03725
10  6.3  0.0301845
10  6.5  0.0245671
10  6.7  0.0200646
10  6.9  0.0164654
10  7.1  0.0135474
10  7.3  0.0111889
10  7.5  0.00927959
10  7.7  0.0077213
10  7.9  0.00644594
10  8.1  0.00539654
10  8.3  0.00452374
10  8.5  0.00380784
10  8.7  0.00321273
10  8.9  0.00271992
10  9.1  0.00230898
10  9.3  0.00196563
10  9.5  0.00167724
10  9.7  0.00143499
10  9.9  0.0012281
10  10.1  0.0010553
10  10.3  0.000910408
10  10.5  0.000785358
10  10.7  0.00067996
10  10.9  0.000589384
10  11.1  0.000513219
10  11.3  0.000446676
10  11.5  0.000389856
10  11.7  0.000340945
10  11.9  0.000299248
12  0.1  323.678
12  0.3  249.098
12  0.5  184.108
12  0.7  130.118
12  0.9  89.7276
12  1.1  61.1644
12  1.3  41.5229
12  1.5  28.229
12  1.7  19.2802
12  1.9  13.2596
12  2.1  9.19383
12  2.3  6.43735
12  2.5  4.55135
12  2.7  3.24975
12  2.9  2.34308
12  3.1  1.70634
12  3.3  1.25414
12  3.5  0.930309
12  3.7  0.695785
12  3.9  0.52482
12  4.1  0.398924
12  4.3  0.305439
12  4.5  0.235464
12  4.7  0.182872
12  4.9  0.142839
12  5.1  0.112307
12  5.3  0.0887542
12  5.5  0.0705417
12  5.7  0.0563207
12  5.9  0.04521
12  6.1  0.0364482
12  6.3  0.0295326
12  6.5  0.0239948
12  6.7  0.0196034
12  6.9  0.0160469
12  7.1  0.0131954
12  7.3  0.010886
12  7.5  0.00901387
12  7.7  0.00748518
12  7.9  0.00623342
12  8.1  0.00520758
12  8.3  0.00436816
12  8.5  0.00366722
12  8.7  0.00308316
12  8.9  0.00260705
12  9.1  0.0022061
12  9.3  0.00187046
12  9.5  0.00158765
12  9.7  0.0013521
12  9.9  0.00115544
12  10.1  0.000986434
12  10.3  0.000846338
12  10.5  0.00072631
12  10.7  0.00062429
12  10.9  0.0005377
12  11.1  0.000463987
12  11.3  0.000400964
12  11.5  0.000346983
12  11.7  0.000300674
12  11.9  0.000261044
14  0.1  319.577
14  0.3  245.924
14  0.5  181.739
14  0.7  128.405
14  0.9  88.5028
14  1.1  60.2895
14  1.3  40.8972
14  1.5  27.7826
14  1.7  18.961
14  1.9  13.0308
14  2.1  9.0292
14  2.3  6.3183
14  2.5  4.46471
14  2.7  3.1863
14  2.9  2.29632
14  3.1  1.67167
14  3.3  1.22821
14  3.5  0.910775
14  3.7  0.680989
14  3.9  0.513521
14  4.1  0.390246
14  4.3  0.298733
14  4.5  0.230248
14  4.7  0.178787
14  4.9  0.139626
14  5.1  0.109781
14  5.3  0.0867319
14  5.5  0.0689254
14  5.7  0.0550228
14  5.9  0.0441629
14  6.1  0.0356302
14  6.3  0.028844
14  6.5  0.023432
14  6.7  0.0191421
14  6.9  0.0156675
14  7.1  0.0128822
14  7.3  0.0106263
14  7.5  0.00879821
14  7.7  0.00730547
14  7.9  0.00608334
14  8.1  0.00508184
14  8.3  0.00426242
14  8.5  0.00357826
14  8.7  0.0030081
14  8.9  0.00254346
14  9.1  0.0021522
14  9.3  0.00182468
14  9.5  0.0015487
14  9.7  0.00131889
14  9.9  0.00112692
14  10.1  0.00096342
14  10.3  0.000825394
14  10.5  0.000708298
14  10.7  0.000608778
14  10.9  0.000524305
14  11.1  0.000452419
14  11.3  0.000390962
14  11.5  0.000338311
14  11.7  0.000293128
14  11.9  0.000254478
16  0.1  314.523
16  0.3  242.016
16  0.5  178.824
16  0.7  126.295
16  0.9  86.998
16  1.1  59.2149
16  1.3  40.13
16  1.5  27.2356
16  1.7  18.5702
16  1.9  12.7511
16  2.1  8.82809
16  2.3  6.17299
16  2.5  4.3591
16  2.7  3.10907
16  2.9  2.23948
16  3.1  1.62954
16  3.3  1.19674
16  3.5  0.887074
16  3.7  0.663047
16  3.9  0.499832
16  4.1  0.379728
16  4.3  0.290607
16  4.5  0.223932
16  4.7  0.173845
16  4.9  0.135739
16  5.1  0.106702
16  5.3  0.0842857
16  5.5  0.0669696
16  5.7  0.0534517
16  5.9  0.0428942
16  6.1  0.034603
16  6.3  0.0280072
16  6.5  0.0227491
16  6.7  0.0185825
16  6.9  0.0152075
16  7.1  0.0125025
16  7.3  0.010312
16  7.5  0.00853728
16  7.7  0.00708807
16  7.9  0.00590175
16  8.1  0.0049298
16  8.3  0.00413445
16  8.5  0.0034706
16  8.7  0.00291733
16  8.9  0.0024665
16  9.1  0.00208694
16  9.3  0.00176922
16  9.5  0.00150158
16  9.7  0.00127867
16  9.9  0.00109246
16  10.1  0.00093389
16  10.3  0.000800053
16  10.5  0.000686519
16  10.7  0.000590029
16  10.9  0.000508126
16  11.1  0.000438447
16  11.3  0.000378849
16  11.5  0.000327834
16  11.7  0.00028405
16  11.9  0.000246585
18  0.1  308.308
18  0.3  237.217
18  0.5  175.244
18  0.7  123.7
18  0.9  85.1542
18  1.1  57.8971
18  1.3  39.1923
18  1.5  26.5676
18  1.7  18.0939
18  1.9  12.4105
18  2.1  8.58367
18  2.3  5.99664
18  2.5  4.23107
18  2.7  3.01552
18  2.9  2.17068
18  3.1  1.57856
18  3.3  1.15866
18  3.5  0.858429
18  3.7  0.641369
18  3.9  0.4833
18  4.1  0.367036
18  4.3  0.280797
18  4.5  0.216312
18  4.7  0.167882
18  4.9  0.131048
18  5.1  0.10299
18  5.3  0.0813361
18  5.5  0.0646128
18  5.7  0.0515608
18  5.9  0.0414012
18  6.1  0.0333683
18  6.3  0.0270038
18  6.5  0.0219297
18  6.7  0.0179108
18  6.9  0.0146553
18  7.1  0.0120471
18  7.3  0.00993493
18  7.5  0.00822414
18  7.7  0.00682726
18  7.9  0.00568402
18  8.1  0.00474741
18  8.3  0.00398107
18  8.5  0.00334163
18  8.7  0.00280861
18  8.9  0.0023744
18  9.1  0.00200887
18  9.3  0.00170289
18  9.5  0.00144506
18  9.7  0.00123044
18  9.9  0.00105117
18  10.1  0.000898566
18  10.3  0.000769723
18  10.5  0.00066044
18  10.7  0.000567554
18  10.9  0.000488748
18  11.1  0.000421691
18  11.3  0.000364366
18  11.5  0.000315248
18  11.7  0.000273145
18  11.9  0.000237112
20  0.1  300.642
20  0.3  231.292
20  0.5  170.825
20  0.7  120.507
20  0.9  82.8784
20  1.1  56.2756
20  1.3  38.0427
20  1.5  25.7486
20  1.7  17.511
20  1.9  11.9943
20  2.1  8.28581
20  2.3  5.78208
20  2.5  4.07551
20  2.7  2.90199
20  2.9  2.08727
20  3.1  1.51679
20  3.3  1.11263
20  3.5  0.823812
20  3.7  0.615189
20  3.9  0.463345
20  4.1  0.351725
20  4.3  0.268974
20  4.5  0.207128
20  4.7  0.160697
20  4.9  0.1254
20  5.1  0.0985211
20  5.3  0.0777879
20  5.5  0.0617764
20  5.7  0.0492829
20  5.9  0.0395656
20  6.1  0.0318824
20  6.3  0.0257963
20  6.5  0.0209446
20  6.7  0.0171035
20  6.9  0.0139919
20  7.1  0.0114996
20  7.3  0.00948188
20  7.5  0.00784834
20  7.7  0.00651429
20  7.9  0.00542258
20  8.1  0.00453444
20  8.3  0.00379709
20  8.5  0.00318685
20  8.7  0.00267806
20  8.9  0.00226352
20  9.1  0.00191514
20  9.3  0.00162328
20  9.5  0.00137744
20  9.7  0.00117266
20  9.9  0.00100157
20  10.1  0.000856217
20  10.3  0.000733389
20  10.5  0.0006292
20  10.7  0.000540629
20  10.9  0.000465538
20  11.1  0.000401559
20  11.3  0.000346949
20  11.5  0.000300135
20  11.7  0.000260081
20  11.9  0.000225771
22  0.1  291.066
22  0.3  223.89
22  0.5  165.305
22  0.7  116.523
22  0.9  80.0411
22  1.1  54.2638
22  1.3  36.6132
22  1.5  24.7352
22  1.7  16.7911
22  1.9  11.4818
22  2.1  7.91964
22  2.3  5.51874
22  2.5  3.88496
22  2.7  2.76311
22  2.9  1.9854
22  3.1  1.44148
22  3.3  1.05652
22  3.5  0.781658
22  3.7  0.583315
22  3.9  0.439096
22  4.1  0.333129
22  4.3  0.254625
22  4.5  0.195983
22  4.7  0.151967
22  4.9  0.11856
22  5.1  0.0931089
22  5.3  0.0734867
22  5.5  0.0583449
22  5.7  0.0465279
22  5.9  0.0373441
22  6.1  0.0300578
22  6.3  0.0243363
22  6.5  0.0197536
22  6.7  0.0161107
22  6.9  0.0131902
22  7.1  0.0108375
22  7.3  0.0089349
22  7.5  0.00739403
22  7.7  0.0061368
22  7.9  0.0051064
22  8.1  0.0042698
22  8.3  0.00357492
22  8.5  0.00299971
22  8.7  0.00252068
22  8.9  0.00212998
22  9.1  0.00180192
22  9.3  0.00152721
22  9.5  0.00129562
22  9.7  0.00110452
22  9.9  0.000941946
22  10.1  0.000805145
22  10.3  0.0006895
22  10.5  0.000590444
22  10.7  0.000507311
22  10.9  0.000437526
22  11.1  0.000377404
22  11.3  0.000325996
22  11.5  0.000282022
22  11.7  0.000244357
22  11.9  0.000212109
24  0.1  278.913
24  0.3  214.497
24  0.5  158.302
24  0.7  111.488
24  0.9  76.4336
24  1.1  51.7229
24  1.3  34.808
24  1.5  23.463
24  1.7  15.8907
24  1.9  10.8429
24  2.1  7.46668
24  2.3  5.19211
24  2.5  3.64911
24  2.7  2.59162
24  2.9  1.85981
24  3.1  1.34874
24  3.3  0.987513
24  3.5  0.729899
24  3.7  0.544223
24  3.9  0.409365
24  4.1  0.310362
24  4.3  0.237061
24  4.5  0.182379
24  4.7  0.141334
24  4.9  0.110216
24  5.1  0.0865014
24  5.3  0.0682413
24  5.5  0.0541576
24  5.7  0.0431735
24  5.9  0.0346126
24  6.1  0.0278704
24  6.3  0.0225579
24  6.5  0.0183044
24  6.7  0.0149407
24  6.9  0.0122305
24  7.1  0.0100342
24  7.3  0.00827028
24  7.5  0.0068421
24  7.7  0.00567681
24  7.9  0.00472338
24  8.1  0.00394867
24  8.3  0.00330521
24  8.5  0.00277318
24  8.7  0.00233303
24  8.9  0.00196858
24  9.1  0.00166481
24  9.3  0.00141061
24  9.5  0.00119671
24  9.7  0.00101844
24  9.9  0.000869836
24  10.1  0.000743236
24  10.3  0.000636355
24  10.5  0.000545809
24  10.7  0.000468919
24  10.9  0.000403665
24  11.1  0.000348167
24  11.3  0.000300761
24  11.5  0.000260131
24  11.7  0.0002253
24  11.9  0.000195529
26  0.1  263.269
26  0.3  202.35
26  0.5  149.253
26  0.7  104.972
26  0.9  71.8105
26  1.1  48.4576
26  1.3  32.5127
26  1.5  21.8398
26  1.7  14.7484
26  1.9  10.0351
26  2.1  6.89306
26  2.3  4.78229
26  2.5  3.35384
26  2.7  2.37746
26  2.9  1.70328
26  3.1  1.23339
26  3.3  0.901812
26  3.5  0.665749
26  3.7  0.495835
26  3.9  0.372588
26  4.1  0.282214
26  4.3  0.215391
26  4.5  0.165581
26  4.7  0.128198
26  4.9  0.0998883
26  5.1  0.0783721
26  5.3  0.061784
26  5.5  0.0490035
26  5.7  0.0390597
26  5.9  0.0312872
26  6.1  0.0252128
26  6.3  0.020377
26  6.5  0.0165305
26  6.7  0.013479
26  6.9  0.0110344
26  7.1  0.00904868
26  7.3  0.007463
26  7.5  0.00617481
26  7.7  0.00512181
26  7.9  0.00425977
26  8.1  0.00355719
26  8.3  0.00297635
26  8.5  0.00249621
26  8.7  0.00209625
26  8.9  0.0017701
26  9.1  0.00149655
26  9.3  0.00126658
26  9.5  0.00107538
26  9.7  0.000915102
26  9.9  0.000780165
26  10.1  0.000666705
26  10.3  0.000571508
26  10.5  0.000490541
26  10.7  0.000421526
26  10.9  0.000363158
26  11.1  0.000313476
26  11.3  0.000270697
26  11.5  0.000234549
26  11.7  0.000203486
26  11.9  0.000176974
28  0.1  242.684
28  0.3  186.468
28  0.5  137.426
28  0.7  96.4701
28  0.9  65.7991
28  1.1  44.2
28  1.3  29.5474
28  1.5  19.7649
28  1.7  13.2933
28  1.9  9.01144
28  2.1  6.16905
28  2.3  4.26675
28  2.5  2.98408
28  2.7  2.11019
28  2.9  1.50843
28  3.1  1.09013
28  3.3  0.795682
28  3.5  0.586186
28  3.7  0.436115
28  3.9  0.327303
28  4.1  0.247614
28  4.3  0.188762
28  4.5  0.144892
28  4.7  0.112127
28  4.9  0.0872939
28  5.1  0.0684192
28  5.3  0.0539086
28  5.5  0.042727
28  5.7  0.0340227
28  5.9  0.0272439
28  6.1  0.0219125
28  6.3  0.0177188
28  6.5  0.0143632
28  6.7  0.0117003
28  6.9  0.00957906
28  7.1  0.00786139
28  7.3  0.00647521
28  7.5  0.00534538
28  7.7  0.0044319
28  7.9  0.00368512
28  8.1  0.00307875
28  8.3  0.00257547
28  8.5  0.00215938
28  8.7  0.00181537
28  8.9  0.00153095
28  9.1  0.00129393
28  9.3  0.00109578
28  9.5  0.000930365
28  9.7  0.000791534
28  9.9  0.000674607
28  10.1  0.000576106
28  10.3  0.000493089
28  10.5  0.000422731
28  10.7  0.000363006
28  10.9  0.000312357
28  11.1  0.000269297
28  11.3  0.000232533
28  11.5  0.000201063
28  11.7  0.000174069
28  11.9  0.000150983
30  0.1  216.011
30  0.3  166.017
30  0.5  122.212
30  0.7  85.5813
30  0.9  58.1203
30  1.1  38.8509
30  1.3  25.8337
30  1.5  17.1914
30  1.7  11.4958
30  1.9  7.75104
30  2.1  5.28065
30  2.3  3.63877
30  2.5  2.5391
30  2.7  1.79188
30  2.9  1.27828
30  3.1  0.923417
30  3.3  0.673703
30  3.5  0.497118
30  3.7  0.369484
30  3.9  0.275622
30  4.1  0.207199
30  4.3  0.157071
30  4.5  0.120412
30  4.7  0.0930219
30  4.9  0.0723327
30  5.1  0.0566586
30  5.3  0.0445583
30  5.5  0.0353075
30  5.7  0.028107
30  5.9  0.0224815
30  6.1  0.0180473
30  6.3  0.0145713
30  6.5  0.0118284
30  6.7  0.0096264
30  6.9  0.00786602
30  7.1  0.0064508
30  7.3  0.00531046
30  7.5  0.00438768
30  7.7  0.00363111
30  7.9  0.00302164
30  8.1  0.00251946
30  8.3  0.00210622
30  8.5  0.00176507
30  8.7  0.00148326
30  8.9  0.00125013
30  9.1  0.00105609
30  9.3  0.000894038
30  9.5  0.000758774
30  9.7  0.000645281
30  9.9  0.000549755
30  10.1  0.000469275
30  10.3  0.000401505
30  10.5  0.000344088
30  10.7  0.000295343
30  10.9  0.000254096
30  11.1  0.000218991
30  11.3  0.000189006
30  11.5  0.000163348
30  11.7  0.000141395
30  11.9  0.000122605
32  0.1  183.37
32  0.3  140.803
32  0.5  103.507
32  0.7  72.1808
32  0.9  48.73
32  1.1  32.3492
32  1.3  21.333
32  1.5  14.0786
32  1.7  9.35079
32  1.9  6.26799
32  2.1  4.24557
32  2.3  2.90845
32  2.5  2.01885
32  2.7  1.41644
32  2.9  1.00583
32  3.1  0.72215
32  3.3  0.524546
32  3.5  0.384457
32  3.7  0.284614
32  3.9  0.212718
32  4.1  0.160318
32  4.3  0.121798
32  4.5  0.0932593
32  4.7  0.0719441
32  4.9  0.0558478
32  5.1  0.0436592
32  5.3  0.0343131
32  5.5  0.0271327
32  5.7  0.0215755
32  5.9  0.0172205
32  6.1  0.0138404
32  6.3  0.0111618
32  6.5  0.00904354
32  6.7  0.00735282
32  6.9  0.00600292
32  7.1  0.00491822
32  7.3  0.0040454
32  7.5  0.0033395
32  7.7  0.00276193
32  7.9  0.00229663
32  8.1  0.00191089
32  8.3  0.00159822
32  8.5  0.00133855
32  8.7  0.00112414
32  8.9  0.00094682
32  9.1  0.000799389
32  9.3  0.000676329
32  9.5  0.00057369
32  9.7  0.000487576
32  9.9  0.000415156
32  10.1  0.000354252
32  10.3  0.000302912
32  10.5  0.00025945
32  10.7  0.000222608
32  10.9  0.000191395
32  11.1  0.000164876
32  11.3  0.000142236
32  11.5  0.000122865
32  11.7  0.0001063
32  11.9  9.21423e-05
