# fragmentation : Kniehl & Kramer (N=0.694, eps=0.101)
# channel       : An0n
#   dipole file dir       : data/Pb/bk_posterior/member_0053/glauber_mve_<b>
#   pD0 loop             : 0.1 to 12.0 GeV, step 0.2
#   fixed rapidity y      : 4.0
# ============================================================
# b  pD0  dsigma_dyd2pD0
0  0.1  17.5835
0  0.3  9.49302
0  0.5  5.2133
0  0.7  2.80782
0  0.9  1.49173
0  1.1  0.788686
0  1.3  0.41643
0  1.5  0.220719
0  1.7  0.117633
0  1.9  0.0630814
0  2.1  0.0340866
0  2.3  0.0185624
0  2.5  0.0101924
0  2.7  0.00564423
0  2.9  0.00314916
0  3.1  0.00177433
0  3.3  0.00100678
0  3.5  0.000575821
0  3.7  0.000331893
0  3.9  0.000192737
0  4.1  0.000112664
0  4.3  6.63248e-05
0  4.5  3.9267e-05
0  4.7  2.34192e-05
0  4.9  1.40402e-05
0  5.1  8.46642e-06
0  5.3  5.13327e-06
0  5.5  3.12839e-06
0  5.7  1.91558e-06
0  5.9  1.17847e-06
0  6.1  7.28449e-07
0  6.3  4.51998e-07
0  6.5  2.81708e-07
0  6.7  1.76291e-07
0  6.9  1.10769e-07
0  7.1  6.98477e-08
0  7.3  4.41927e-08
0  7.5  2.8071e-08
0  7.7  1.78813e-08
0  7.9  1.14306e-08
0  8.1  7.32781e-09
0  8.3  4.70975e-09
0  8.5  3.03675e-09
0  8.7  1.96258e-09
0  8.9  1.27203e-09
0  9.1  8.26556e-10
0  9.3  5.38445e-10
0  9.5  3.51604e-10
0  9.7  2.30176e-10
0  9.9  1.50978e-10
0  10.1  9.92398e-11
0  10.3  6.53907e-11
0  10.5  4.31736e-11
0  10.7  2.85636e-11
0  10.9  1.89213e-11
0  11.1  1.25714e-11
0  11.3  8.363e-12
0  11.5  5.5727e-12
0  11.7  3.71964e-12
0  11.9  2.48905e-12
2  0.1  17.5727
2  0.3  9.48719
2  0.5  5.21
2  0.7  2.806
2  0.9  1.49073
2  1.1  0.788132
2  1.3  0.416125
2  1.5  0.220551
2  1.7  0.117538
2  1.9  0.0630285
2  2.1  0.0340568
2  2.3  0.0185455
2  2.5  0.0101828
2  2.7  0.00563892
2  2.9  0.00314599
2  3.1  0.00177251
2  3.3  0.00100572
2  3.5  0.000575198
2  3.7  0.000331526
2  3.9  0.000192522
2  4.1  0.000112536
2  4.3  6.62476e-05
2  4.5  3.9221e-05
2  4.7  2.33914e-05
2  4.9  1.40233e-05
2  5.1  8.45611e-06
2  5.3  5.12694e-06
2  5.5  3.12451e-06
2  5.7  1.91318e-06
2  5.9  1.17699e-06
2  6.1  7.27525e-07
2  6.3  4.51422e-07
2  6.5  2.81347e-07
2  6.7  1.76063e-07
2  6.9  1.10626e-07
2  7.1  6.97565e-08
2  7.3  4.41346e-08
2  7.5  2.8033e-08
2  7.7  1.78569e-08
2  7.9  1.14154e-08
2  8.1  7.31816e-09
2  8.3  4.70337e-09
2  8.5  3.03265e-09
2  8.7  1.9599e-09
2  8.9  1.27029e-09
2  9.1  8.25504e-10
2  9.3  5.37707e-10
2  9.5  3.51122e-10
2  9.7  2.29735e-10
2  9.9  1.5077e-10
2  10.1  9.91023e-11
2  10.3  6.52999e-11
2  10.5  4.31134e-11
2  10.7  2.85235e-11
2  10.9  1.89089e-11
2  11.1  1.25549e-11
2  11.3  8.35214e-12
2  11.5  5.56582e-12
2  11.7  3.71499e-12
2  11.9  2.4839e-12
4  0.1  17.5402
4  0.3  9.46957
4  0.5  5.20005
4  0.7  2.8005
4  0.9  1.48771
4  1.1  0.78646
4  1.3  0.415206
4  1.5  0.220042
4  1.7  0.117254
4  1.9  0.062869
4  2.1  0.0339668
4  2.3  0.0184945
4  2.5  0.0101537
4  2.7  0.0056172
4  2.9  0.00313645
4  3.1  0.00176701
4  3.3  0.00100251
4  3.5  0.000573321
4  3.7  0.000330424
4  3.9  0.000191869
4  4.1  0.000112149
4  4.3  6.60039e-05
4  4.5  3.90821e-05
4  4.7  2.33072e-05
4  4.9  1.39724e-05
4  5.1  8.42506e-06
4  5.3  5.10791e-06
4  5.5  3.11282e-06
4  5.7  1.90596e-06
4  5.9  1.17253e-06
4  6.1  7.24737e-07
4  6.3  4.4968e-07
4  6.5  2.80255e-07
4  6.7  1.75375e-07
4  6.9  1.10191e-07
4  7.1  6.94807e-08
4  7.3  4.3959e-08
4  7.5  2.79209e-08
4  7.7  1.77851e-08
4  7.9  1.13691e-08
4  8.1  7.28842e-09
4  8.3  4.68425e-09
4  8.5  3.02029e-09
4  8.7  1.95187e-09
4  8.9  1.26505e-09
4  9.1  8.22048e-10
4  9.3  5.35475e-10
4  9.5  3.49656e-10
4  9.7  2.28774e-10
4  9.9  1.50137e-10
4  10.1  9.86855e-11
4  10.3  6.50244e-11
4  10.5  4.29312e-11
4  10.7  2.84036e-11
4  10.9  1.88281e-11
4  11.1  1.25014e-11
4  11.3  8.31637e-12
4  11.5  5.54205e-12
4  11.7  3.69904e-12
4  11.9  2.47323e-12
6  0.1  17.4851
6  0.3  9.43953
6  0.5  5.1832
6  0.7  2.79116
6  0.9  1.48266
6  1.1  0.78321
6  1.3  0.413651
6  1.5  0.219188
6  1.7  0.116779
6  1.9  0.0625989
6  2.1  0.0338143
6  2.3  0.0184088
6  2.5  0.0101049
6  2.7  0.0055945
6  2.9  0.00312162
6  3.1  0.00175763
6  3.3  0.000997008
6  3.5  0.00057018
6  3.7  0.000328565
6  3.9  0.000190727
6  4.1  0.000111503
6  4.3  6.56192e-05
6  4.5  3.88473e-05
6  4.7  2.31536e-05
6  4.9  1.38864e-05
6  5.1  8.37253e-06
6  5.3  5.07605e-06
6  5.5  3.09296e-06
6  5.7  1.89368e-06
6  5.9  1.16485e-06
6  6.1  7.20045e-07
6  6.3  4.46771e-07
6  6.5  2.78505e-07
6  6.7  1.743e-07
6  6.9  1.09469e-07
6  7.1  6.90206e-08
6  7.3  4.36678e-08
6  7.5  2.77327e-08
6  7.7  1.76642e-08
6  7.9  1.12899e-08
6  8.1  7.23718e-09
6  8.3  4.65117e-09
6  8.5  2.99806e-09
6  8.7  1.93797e-09
6  8.9  1.25607e-09
6  9.1  8.16317e-10
6  9.3  5.31765e-10
6  9.5  3.47272e-10
6  9.7  2.27273e-10
6  9.9  1.49032e-10
6  10.1  9.79755e-11
6  10.3  6.45523e-11
6  10.5  4.26219e-11
6  10.7  2.81945e-11
6  10.9  1.86901e-11
6  11.1  1.24094e-11
6  11.3  8.25275e-12
6  11.5  5.50218e-12
6  11.7  3.67239e-12
6  11.9  2.4544e-12
8  0.1  17.4064
8  0.3  9.39667
8  0.5  5.15916
8  0.7  2.77783
8  0.9  1.47529
8  1.1  0.779571
8  1.3  0.411421
8  1.5  0.217948
8  1.7  0.116083
8  1.9  0.0622118
8  2.1  0.0335961
8  2.3  0.0182846
8  2.5  0.0100345
8  2.7  0.00555383
8  2.9  0.00309727
8  3.1  0.00174434
8  3.3  0.00098937
8  3.5  0.000565647
8  3.7  0.000325916
8  3.9  0.000189204
8  4.1  0.000110565
8  4.3  6.50357e-05
8  4.5  3.85132e-05
8  4.7  2.2963e-05
8  4.9  1.37637e-05
8  5.1  8.2978e-06
8  5.3  5.02984e-06
8  5.5  3.06487e-06
8  5.7  1.87635e-06
8  5.9  1.15414e-06
8  6.1  7.13352e-07
8  6.3  4.42585e-07
8  6.5  2.75868e-07
8  6.7  1.72642e-07
8  6.9  1.08423e-07
8  7.1  6.83581e-08
8  7.3  4.32469e-08
8  7.5  2.74639e-08
8  7.7  1.74921e-08
8  7.9  1.11793e-08
8  8.1  7.16598e-09
8  8.3  4.60524e-09
8  8.5  2.9683e-09
8  8.7  1.91867e-09
8  8.9  1.2435e-09
8  9.1  8.08134e-10
8  9.3  5.26412e-10
8  9.5  3.43761e-10
8  9.7  2.2497e-10
8  9.9  1.47527e-10
8  10.1  9.69716e-11
8  10.3  6.38915e-11
8  10.5  4.21846e-11
8  10.7  2.79036e-11
8  10.9  1.84972e-11
8  11.1  1.22819e-11
8  11.3  8.16742e-12
8  11.5  5.44513e-12
8  11.7  3.63426e-12
8  11.9  2.42886e-12
10  0.1  17.3015
10  0.3  9.34023
10  0.5  5.12703
10  0.7  2.76007
10  0.9  1.46553
10  1.1  0.774087
10  1.3  0.408472
10  1.5  0.21632
10  1.7  0.115176
10  1.9  0.0617025
10  2.1  0.0333101
10  2.3  0.0181237
10  2.5  0.0099348
10  2.7  0.00550178
10  2.9  0.00306952
10  3.1  0.00172669
10  3.3  0.000979177
10  3.5  0.000559645
10  3.7  0.000322423
10  3.9  0.000187086
10  4.1  0.000109321
10  4.3  6.43196e-05
10  4.5  3.80718e-05
10  4.7  2.2694e-05
10  4.9  1.36037e-05
10  5.1  8.20053e-06
10  5.3  4.97057e-06
10  5.5  3.02839e-06
10  5.7  1.8539e-06
10  5.9  1.14013e-06
10  6.1  7.0423e-07
10  6.3  4.36997e-07
10  6.5  2.72343e-07
10  6.7  1.70304e-07
10  6.9  1.06991e-07
10  7.1  6.74436e-08
10  7.3  4.2677e-08
10  7.5  2.7105e-08
10  7.7  1.72677e-08
10  7.9  1.1037e-08
10  8.1  7.07461e-09
10  8.3  4.54783e-09
10  8.5  2.93185e-09
10  8.7  1.89465e-09
10  8.9  1.22759e-09
10  9.1  7.97254e-10
10  9.3  5.19107e-10
10  9.5  3.38817e-10
10  9.7  2.2165e-10
10  9.9  1.45352e-10
10  10.1  9.55513e-11
10  10.3  6.29767e-11
10  10.5  4.15931e-11
10  10.7  2.75343e-11
10  10.9  1.82639e-11
10  11.1  1.2128e-11
10  11.3  8.06804e-12
10  11.5  5.37286e-12
10  11.7  3.58591e-12
10  11.9  2.39677e-12
12  0.1  17.1738
12  0.3  9.26689
12  0.5  5.08629
12  0.7  2.73745
12  0.9  1.45317
12  1.1  0.767242
12  1.3  0.404702
12  1.5  0.214232
12  1.7  0.114006
12  1.9  0.0610455
12  2.1  0.0329395
12  2.3  0.0179134
12  2.5  0.0098242
12  2.7  0.00543406
12  2.9  0.00302823
12  3.1  0.00170443
12  3.3  0.000966181
12  3.5  0.000552105
12  3.7  0.000317962
12  3.9  0.000184502
12  4.1  0.000107776
12  4.3  6.33727e-05
12  4.5  3.75386e-05
12  4.7  2.23499e-05
12  4.9  1.33983e-05
12  5.1  8.07519e-06
12  5.3  4.89332e-06
12  5.5  2.98103e-06
12  5.7  1.82462e-06
12  5.9  1.12214e-06
12  6.1  6.93369e-07
12  6.3  4.30116e-07
12  6.5  2.68028e-07
12  6.7  1.67714e-07
12  6.9  1.05309e-07
12  7.1  6.63834e-08
12  7.3  4.19894e-08
12  7.5  2.66623e-08
12  7.7  1.69787e-08
12  7.9  1.0849e-08
12  8.1  6.95388e-09
12  8.3  4.4685e-09
12  8.5  2.87971e-09
12  8.7  1.8612e-09
12  8.9  1.2061e-09
12  9.1  7.8375e-10
12  9.3  5.10479e-10
12  9.5  3.33313e-10
12  9.7  2.18116e-10
12  9.9  1.43097e-10
12  10.1  9.40168e-11
12  10.3  6.19457e-11
12  10.5  4.08843e-11
12  10.7  2.70431e-11
12  10.9  1.79163e-11
12  11.1  1.1898e-11
12  11.3  7.91308e-12
12  11.5  5.27513e-12
12  11.7  3.5206e-12
12  11.9  2.35271e-12
14  0.1  17.0057
14  0.3  9.17473
14  0.5  5.03527
14  0.7  2.70922
14  0.9  1.43775
14  1.1  0.75866
14  1.3  0.400016
14  1.5  0.211642
14  1.7  0.112555
14  1.9  0.0602336
14  2.1  0.0324836
14  2.3  0.0176565
14  2.5  0.00967765
14  2.7  0.00535087
14  2.9  0.00298288
14  3.1  0.00167678
14  3.3  0.00095013
14  3.5  0.00054274
14  3.7  0.000312526
14  3.9  0.000181247
14  4.1  0.000105847
14  4.3  6.22238e-05
14  4.5  3.68251e-05
14  4.7  2.19362e-05
14  4.9  1.31472e-05
14  5.1  7.92232e-06
14  5.3  4.79955e-06
14  5.5  2.92355e-06
14  5.7  1.78917e-06
14  5.9  1.10009e-06
14  6.1  6.79619e-07
14  6.3  4.21508e-07
14  6.5  2.62654e-07
14  6.7  1.64252e-07
14  6.9  1.03155e-07
14  7.1  6.50198e-08
14  7.3  4.11199e-08
14  7.5  2.61087e-08
14  7.7  1.66268e-08
14  7.9  1.06247e-08
14  8.1  6.80978e-09
14  8.3  4.37531e-09
14  8.5  2.82051e-09
14  8.7  1.82212e-09
14  8.9  1.18052e-09
14  9.1  7.67026e-10
14  9.3  4.99478e-10
14  9.5  3.26052e-10
14  9.7  2.13352e-10
14  9.9  1.39851e-10
14  10.1  9.19192e-11
14  10.3  6.05838e-11
14  10.5  3.9995e-11
14  10.7  2.64568e-11
14  10.9  1.75179e-11
14  11.1  1.16402e-11
14  11.3  7.74475e-12
14  11.5  5.15995e-12
14  11.7  3.4422e-12
14  11.9  2.30116e-12
16  0.1  16.7981
16  0.3  9.06164
16  0.5  4.97236
16  0.7  2.67452
16  0.9  1.41863
16  1.1  0.748136
16  1.3  0.394234
16  1.5  0.208448
16  1.7  0.110764
16  1.9  0.0592347
16  2.1  0.0319222
16  2.3  0.0173396
16  2.5  0.00949862
16  2.7  0.00524851
16  2.9  0.00292435
16  3.1  0.001643
16  3.3  0.000930558
16  3.5  0.000531327
16  3.7  0.000305765
16  3.9  0.000177298
16  4.1  0.000103505
16  4.3  6.08252e-05
16  4.5  3.60098e-05
16  4.7  2.14306e-05
16  4.9  1.28415e-05
16  5.1  7.73534e-06
16  5.3  4.68622e-06
16  5.5  2.85316e-06
16  5.7  1.74573e-06
16  5.9  1.07322e-06
16  6.1  6.62934e-07
16  6.3  4.11103e-07
16  6.5  2.56062e-07
16  6.7  1.60199e-07
16  6.9  1.00569e-07
16  7.1  6.33796e-08
16  7.3  4.00764e-08
16  7.5  2.54428e-08
16  7.7  1.61985e-08
16  7.9  1.03475e-08
16  8.1  6.63161e-09
16  8.3  4.2623e-09
16  8.5  2.74529e-09
16  8.7  1.77398e-09
16  8.9  1.14932e-09
16  9.1  7.46829e-10
16  9.3  4.86328e-10
16  9.5  3.17488e-10
16  9.7  2.07733e-10
16  9.9  1.36196e-10
16  10.1  8.95209e-11
16  10.3  5.89691e-11
16  10.5  3.89199e-11
16  10.7  2.57368e-11
16  10.9  1.70566e-11
16  11.1  1.13125e-11
16  11.3  7.52817e-12
16  11.5  5.01786e-12
16  11.7  3.34858e-12
16  11.9  2.23756e-12
18  0.1  16.5339
18  0.3  8.92189
18  0.5  4.89478
18  0.7  2.63165
18  0.9  1.3951
18  1.1  0.735551
18  1.3  0.387126
18  1.5  0.204511
18  1.7  0.108572
18  1.9  0.0580108
18  2.1  0.0312357
18  2.3  0.0169517
18  2.5  0.00927953
18  2.7  0.00512371
18  2.9  0.00285285
18  3.1  0.00160181
18  3.3  0.000906691
18  3.5  0.000517422
18  3.7  0.000297666
18  3.9  0.000172486
18  4.1  0.000100656
18  4.3  5.91268e-05
18  4.5  3.49915e-05
18  4.7  2.08179e-05
18  4.9  1.24705e-05
18  5.1  7.50941e-06
18  5.3  4.5481e-06
18  5.5  2.76842e-06
18  5.7  1.69337e-06
18  5.9  1.04078e-06
18  6.1  6.42747e-07
18  6.3  3.98504e-07
18  6.5  2.4818e-07
18  6.7  1.55191e-07
18  6.9  9.74318e-08
18  7.1  6.13916e-08
18  7.3  3.8812e-08
18  7.5  2.46358e-08
18  7.7  1.56828e-08
18  7.9  1.00161e-08
18  8.1  6.41803e-09
18  8.3  4.1232e-09
18  8.5  2.65629e-09
18  8.7  1.71619e-09
18  8.9  1.11175e-09
18  9.1  7.22368e-10
18  9.3  4.70337e-10
18  9.5  3.0701e-10
18  9.7  2.00858e-10
18  9.9  1.31673e-10
18  10.1  8.65348e-11
18  10.3  5.70022e-11
18  10.5  3.76007e-11
18  10.7  2.48733e-11
18  10.9  1.64716e-11
18  11.1  1.0932e-11
18  11.3  7.2738e-12
18  11.5  4.8466e-12
18  11.7  3.23499e-12
18  11.9  2.16156e-12
20  0.1  16.2163
20  0.3  8.74851
20  0.5  4.79836
20  0.7  2.57677
20  0.9  1.36587
20  1.1  0.719498
20  1.3  0.37831
20  1.5  0.199647
20  1.7  0.105859
20  1.9  0.056503
20  2.1  0.030391
20  2.3  0.0164782
20  2.5  0.0090104
20  2.7  0.00497085
20  2.9  0.00276526
20  3.1  0.00155137
20  3.3  0.000877542
20  3.5  0.000500468
20  3.7  0.000287726
20  3.9  0.000166602
20  4.1  9.71895e-05
20  4.3  5.70614e-05
20  4.5  3.3754e-05
20  4.7  2.00734e-05
20  4.9  1.20196e-05
20  5.1  7.23519e-06
20  5.3  4.38051e-06
20  5.5  2.6654e-06
20  5.7  1.62988e-06
20  5.9  1.00143e-06
20  6.1  6.18266e-07
20  6.3  3.83241e-07
20  6.5  2.38658e-07
20  6.7  1.49157e-07
20  6.9  9.36344e-08
20  7.1  5.8986e-08
20  7.3  3.72839e-08
20  7.5  2.36603e-08
20  7.7  1.50594e-08
20  7.9  9.61586e-09
20  8.1  6.16072e-09
20  8.3  3.95691e-09
20  8.5  2.54997e-09
20  8.7  1.64658e-09
20  8.9  1.06681e-09
20  9.1  6.92882e-10
20  9.3  4.51081e-10
20  9.5  2.94398e-10
20  9.7  1.92584e-10
20  9.9  1.26217e-10
20  10.1  8.29523e-11
20  10.3  5.46323e-11
20  10.5  3.60412e-11
20  10.7  2.38343e-11
20  10.9  1.57808e-11
20  11.1  1.04728e-11
20  11.3  6.97016e-12
20  11.5  4.64208e-12
20  11.7  3.09822e-12
20  11.9  2.07007e-12
22  0.1  15.8169
22  0.3  8.5306
22  0.5  4.67714
22  0.7  2.51156
22  0.9  1.32926
22  1.1  0.699105
22  1.3  0.367292
22  1.5  0.193574
22  1.7  0.102486
22  1.9  0.0546243
22  2.1  0.0293396
22  2.3  0.0158877
22  2.5  0.00867755
22  2.7  0.0047821
22  2.9  0.00265725
22  3.1  0.00148933
22  3.3  0.000841663
22  3.5  0.000479601
22  3.7  0.000275511
22  3.9  0.000159416
22  4.1  9.29353e-05
22  4.3  5.45324e-05
22  4.5  3.2238e-05
22  4.7  1.91616e-05
22  4.9  1.14677e-05
22  5.1  6.89993e-06
22  5.3  4.17557e-06
22  5.5  2.53889e-06
22  5.7  1.55241e-06
22  5.9  9.53461e-07
22  6.1  5.88452e-07
22  6.3  3.6454e-07
22  6.5  2.27012e-07
22  6.7  1.41892e-07
22  6.9  8.90091e-08
22  7.1  5.60562e-08
22  7.3  3.54243e-08
22  7.5  2.24735e-08
22  7.7  1.43008e-08
22  7.9  9.12979e-09
22  8.1  5.8478e-09
22  8.3  3.75504e-09
22  8.5  2.41838e-09
22  8.7  1.56206e-09
22  8.9  1.0115e-09
22  9.1  6.57071e-10
22  9.3  4.27692e-10
22  9.5  2.79078e-10
22  9.7  1.82532e-10
22  9.9  1.19683e-10
22  10.1  7.85977e-11
22  10.3  5.17557e-11
22  10.5  3.41411e-11
22  10.7  2.25735e-11
22  10.9  1.49442e-11
22  11.1  9.91838e-12
22  11.3  6.59911e-12
22  11.5  4.39591e-12
22  11.7  2.93256e-12
22  11.9  1.95972e-12
24  0.1  15.3052
24  0.3  8.25162
24  0.5  4.52148
24  0.7  2.42411
24  0.9  1.28241
24  1.1  0.6734
24  1.3  0.353244
24  1.5  0.185834
24  1.7  0.0982045
24  1.9  0.0522427
24  2.1  0.0280138
24  2.3  0.0151453
24  2.5  0.00825857
24  2.7  0.00454472
24  2.9  0.00252189
24  3.1  0.00141177
24  3.3  0.000796885
24  3.5  0.000453601
24  3.7  0.000260307
24  3.9  0.000150487
24  4.1  8.76551e-05
24  4.3  5.13934e-05
24  4.5  3.0342e-05
24  4.7  1.80327e-05
24  4.9  1.07852e-05
24  5.1  6.48532e-06
24  5.3  3.92199e-06
24  5.5  2.38344e-06
24  5.7  1.45675e-06
24  5.9  8.94314e-07
24  6.1  5.51598e-07
24  6.3  3.41728e-07
24  6.5  2.12652e-07
24  6.7  1.32856e-07
24  6.9  8.33191e-08
24  7.1  5.2453e-08
24  7.3  3.31379e-08
24  7.5  2.10157e-08
24  7.7  1.3369e-08
24  7.9  8.5332e-09
24  8.1  5.46249e-09
24  8.3  3.50813e-09
24  8.5  2.25907e-09
24  8.7  1.45823e-09
24  8.9  9.44464e-10
24  9.1  6.13151e-10
24  9.3  3.99019e-10
24  9.5  2.60305e-10
24  9.7  1.70218e-10
24  9.9  1.11532e-10
24  10.1  7.32992e-11
24  10.3  4.82379e-11
24  10.5  3.18181e-11
24  10.7  2.10313e-11
24  10.9  1.39266e-11
24  11.1  9.23842e-12
24  11.3  6.1447e-12
24  11.5  4.0928e-12
24  11.7  2.72985e-12
24  11.9  1.82367e-12
26  0.1  14.6366
26  0.3  7.88634
26  0.5  4.31474
26  0.7  2.31237
26  0.9  1.22124
26  1.1  0.640068
26  1.3  0.334987
26  1.5  0.175821
26  1.7  0.0926813
26  1.9  0.0491891
26  2.1  0.0263108
26  2.3  0.0141948
26  2.5  0.00772398
26  2.7  0.00424262
26  2.9  0.00235013
26  3.1  0.00131354
26  3.3  0.000740282
26  3.5  0.000420801
26  3.7  0.000241165
26  3.9  0.000139258
26  4.1  8.10238e-05
26  4.3  4.74544e-05
26  4.5  2.79874e-05
26  4.7  1.66214e-05
26  4.9  9.93129e-06
26  5.1  5.96673e-06
26  5.3  3.60637e-06
26  5.5  2.19022e-06
26  5.7  1.33757e-06
26  5.9  8.20749e-07
26  6.1  5.05914e-07
26  6.3  3.13293e-07
26  6.5  1.94823e-07
26  6.7  1.21644e-07
26  6.9  7.62578e-08
26  7.1  4.79753e-08
26  7.3  3.03059e-08
26  7.5  1.92099e-08
26  7.7  1.22167e-08
26  7.9  7.79395e-09
26  8.1  4.98657e-09
26  8.3  3.20156e-09
26  8.5  2.06059e-09
26  8.7  1.32994e-09
26  8.9  8.61131e-10
26  9.1  5.58903e-10
26  9.3  3.6361e-10
26  9.5  2.37134e-10
26  9.7  1.55036e-10
26  9.9  1.01573e-10
26  10.1  6.67124e-11
26  10.3  4.39026e-11
26  10.5  2.89355e-11
26  10.7  1.91286e-11
26  10.9  1.26663e-11
26  11.1  8.40052e-12
26  11.3  5.58591e-12
26  11.5  3.71963e-12
26  11.7  2.48045e-12
26  11.9  1.65679e-12
28  0.1  13.7437
28  0.3  7.39986
28  0.5  4.04423
28  0.7  2.16367
28  0.9  1.14026
28  1.1  0.596107
28  1.3  0.311026
28  1.5  0.162615
28  1.7  0.085448
28  1.9  0.045213
28  2.1  0.0241195
28  2.3  0.0129731
28  2.5  0.00703913
28  2.7  0.00385581
28  2.9  0.00212926
28  3.1  0.00118862
28  3.3  0.000668477
28  3.5  0.00037928
28  3.7  0.000216968
28  3.9  0.000125103
28  4.1  7.2681e-05
28  4.3  4.25109e-05
28  4.5  2.50442e-05
28  4.7  1.48546e-05
28  4.9  8.86398e-06
28  5.1  5.32095e-06
28  5.3  3.21275e-06
28  5.5  1.94867e-06
28  5.7  1.1894e-06
28  5.9  7.29219e-07
28  6.1  4.49139e-07
28  6.3  2.77973e-07
28  6.5  1.72692e-07
28  6.7  1.07764e-07
28  6.9  6.75072e-08
28  7.1  4.24547e-08
28  7.3  2.67976e-08
28  7.5  1.6975e-08
28  7.7  1.07923e-08
28  7.9  6.88045e-09
28  8.1  4.40042e-09
28  8.3  2.8232e-09
28  8.5  1.81654e-09
28  8.7  1.17228e-09
28  8.9  7.58525e-10
28  9.1  4.9209e-10
28  9.3  3.2e-10
28  9.5  2.08617e-10
28  9.7  1.36345e-10
28  9.9  8.92964e-11
28  10.1  5.86164e-11
28  10.3  3.85584e-11
28  10.5  2.54184e-11
28  10.7  1.67936e-11
28  10.9  1.11153e-11
28  11.1  7.37143e-12
28  11.3  4.8994e-12
28  11.5  3.26159e-12
28  11.7  2.17326e-12
28  11.9  1.45205e-12
30  0.1  12.5645
30  0.3  6.75713
30  0.5  3.68925
30  0.7  1.96884
30  0.9  1.03343
30  1.1  0.538283
30  1.3  0.279788
30  1.5  0.145629
30  1.7  0.0761793
30  1.9  0.0401297
30  2.1  0.0213141
30  2.3  0.0114182
30  2.5  0.00617231
30  2.7  0.00336904
30  2.9  0.00185624
30  3.1  0.00103257
30  3.3  0.000579257
30  3.5  0.000327846
30  3.7  0.000187114
30  3.9  0.000107664
30  4.1  6.24325e-05
30  4.3  3.64474e-05
30  4.5  2.14397e-05
30  4.7  1.26948e-05
30  4.9  7.56438e-06
30  5.1  4.53415e-06
30  5.3  2.73394e-06
30  5.5  1.65739e-06
30  5.7  1.00927e-06
30  5.9  6.18199e-07
30  6.1  3.80631e-07
30  6.3  2.35243e-07
30  6.5  1.4599e-07
30  6.7  9.10317e-08
30  6.9  5.6976e-08
30  7.1  3.5803e-08
30  7.3  2.25838e-08
30  7.5  1.42969e-08
30  7.7  9.08068e-09
30  7.9  5.78441e-09
30  8.1  3.69826e-09
30  8.3  2.37048e-09
30  8.5  1.52438e-09
30  8.7  9.83198e-10
30  8.9  6.35818e-10
30  9.1  4.12167e-10
30  9.3  2.67898e-10
30  9.5  1.74525e-10
30  9.7  1.14021e-10
30  9.9  7.46396e-11
30  10.1  4.89705e-11
30  10.3  3.22001e-11
30  10.5  2.12245e-11
30  10.7  1.40142e-11
30  10.9  9.27331e-12
30  11.1  6.14817e-12
30  11.3  4.08018e-12
30  11.5  2.71531e-12
30  11.7  1.80978e-12
30  11.9  1.20881e-12
32  0.1  11.0748
32  0.3  5.94941
32  0.5  3.23893
32  0.7  1.72264
32  0.9  0.900846
32  1.1  0.466563
32  1.3  0.241102
32  1.5  0.124723
32  1.7  0.0648681
32  1.9  0.0339748
32  2.1  0.0179402
32  2.3  0.00956104
32  2.5  0.0051442
32  2.7  0.00279543
32  2.9  0.00153303
32  3.1  0.000849862
32  3.3  0.000475228
32  3.5  0.000268116
32  3.7  0.000152568
32  3.9  8.75469e-05
32  4.1  5.06413e-05
32  4.3  2.94947e-05
32  4.5  1.73121e-05
32  4.7  1.02289e-05
32  4.9  6.0833e-06
32  5.1  3.63972e-06
32  5.3  2.19062e-06
32  5.5  1.32585e-06
32  5.7  8.06397e-07
32  5.9  4.93132e-07
32  6.1  3.03207e-07
32  6.3  1.87146e-07
32  6.5  1.16022e-07
32  6.7  7.22402e-08
32  6.9  4.51645e-08
32  7.1  2.83457e-08
32  7.3  1.78552e-08
32  7.5  1.12964e-08
32  7.7  7.1659e-09
32  7.9  4.5626e-09
32  8.1  2.91398e-09
32  8.3  1.86626e-09
32  8.5  1.19909e-09
32  8.7  7.72496e-10
32  8.9  4.99171e-10
32  9.1  3.23487e-10
32  9.3  2.1006e-10
32  9.5  1.3678e-10
32  9.7  8.93067e-11
32  9.9  5.8425e-11
32  10.1  3.83066e-11
32  10.3  2.51783e-11
32  10.5  1.65842e-11
32  10.7  1.09422e-11
32  10.9  7.23748e-12
32  11.1  4.79502e-12
32  11.3  3.182e-12
32  11.5  2.116e-12
32  11.7  1.40941e-12
32  11.9  9.40501e-13
34  0.1  9.35721
34  0.3  5.01725
34  0.5  2.72436
34  0.7  1.4419
34  0.9  0.749654
34  1.1  0.385564
34  1.3  0.197715
34  1.5  0.101542
34  1.7  0.0524235
34  1.9  0.0272568
34  2.1  0.014299
34  2.3  0.00757039
34  2.5  0.00405007
34  2.7  0.00218889
34  2.9  0.00119443
34  3.1  0.000659105
34  3.3  0.000367008
34  3.5  0.000206254
34  3.7  0.000116934
34  3.9  6.68814e-05
34  4.1  3.85713e-05
34  4.3  2.23986e-05
34  4.5  1.31109e-05
34  4.7  7.72656e-06
34  4.9  4.58376e-06
34  5.1  2.73696e-06
34  5.3  1.64353e-06
34  5.5  9.92438e-07
34  5.7  6.02476e-07
34  5.9  3.678e-07
34  6.1  2.25758e-07
34  6.3  1.39086e-07
34  6.5  8.60885e-08
34  6.7  5.35275e-08
34  6.9  3.34153e-08
34  7.1  2.0944e-08
34  7.3  1.31808e-08
34  7.5  8.32528e-09
34  7.7  5.27661e-09
34  7.9  3.35484e-09
34  8.1  2.1401e-09
34  8.3  1.36943e-09
34  8.5  8.78854e-10
34  8.7  5.65784e-10
34  8.9  3.65171e-10
34  9.1  2.36344e-10
34  9.3  1.53343e-10
34  9.5  9.97765e-11
34  9.7  6.50749e-11
34  9.9  4.25385e-11
34  10.1  2.7883e-11
34  10.3  1.83072e-11
34  10.5  1.20484e-11
34  10.7  7.94151e-12
34  10.9  5.24908e-12
34  11.1  3.47456e-12
34  11.3  2.30474e-12
34  11.5  1.53194e-12
34  11.7  1.01981e-12
34  11.9  6.80073e-13
