# fragmentation : Kniehl & Kramer (N=0.694, eps=0.101)
# channel       : An0n
#   dipole file dir       : data/Pb/bk_posterior/member_0017/glauber_mve_<b>
#   pD0 loop             : 0.1 to 12.0 GeV, step 0.2
#   fixed rapidity y      : -1.5
# ============================================================
# b  pD0  dsigma_dyd2pD0
0  0.1  1220.52
0  0.3  807.726
0  0.5  561.142
0  0.7  396.422
0  0.9  283.065
0  1.1  203.572
0  1.3  147.282
0  1.5  107.147
0  1.7  78.5083
0  1.9  57.8967
0  2.1  43.0362
0  2.3  32.2639
0  2.5  24.4145
0  2.7  18.6492
0  2.9  14.3804
0  3.1  11.1929
0  3.3  8.7933
0  3.5  6.97234
0  3.7  5.57385
0  3.9  4.49236
0  4.1  3.6471
0  4.3  2.98438
0  4.5  2.45902
0  4.7  2.03855
0  4.9  1.69999
0  5.1  1.42532
0  5.3  1.20184
0  5.5  1.01904
0  5.7  0.867296
0  5.9  0.742503
0  6.1  0.637597
0  6.3  0.549663
0  6.5  0.476145
0  6.7  0.413884
0  6.9  0.361087
0  7.1  0.315994
0  7.3  0.277363
0  7.5  0.24399
0  7.7  0.215211
0  7.9  0.190461
0  8.1  0.169127
0  8.3  0.150469
0  8.5  0.134183
0  8.7  0.119928
0  8.9  0.107422
0  9.1  0.0964766
0  9.3  0.0867965
0  9.5  0.0781324
0  9.7  0.0705159
0  9.9  0.0638252
0  10.1  0.0578621
0  10.3  0.0525638
0  10.5  0.0477886
0  10.7  0.0435486
0  10.9  0.0397667
0  11.1  0.0363551
0  11.3  0.033295
0  11.5  0.0305333
0  11.7  0.0280252
0  11.9  0.0258518
2  0.1  1219.19
2  0.3  806.785
2  0.5  560.492
2  0.7  395.939
2  0.9  282.714
2  1.1  203.302
2  1.3  147.078
2  1.5  106.991
2  1.7  78.3889
2  1.9  57.8051
2  2.1  42.9658
2  2.3  32.2098
2  2.5  24.373
2  2.7  18.6157
2  2.9  14.3552
2  3.1  11.173
2  3.3  8.77758
2  3.5  6.95967
2  3.7  5.56389
2  3.9  4.48417
2  4.1  3.64042
2  4.3  2.97892
2  4.5  2.45459
2  4.7  2.03462
2  4.9  1.69686
2  5.1  1.42269
2  5.3  1.19916
2  5.5  1.01706
2  5.7  0.865671
2  5.9  0.740832
2  6.1  0.636516
2  6.3  0.548628
2  6.5  0.475183
2  6.7  0.41314
2  6.9  0.360394
2  7.1  0.315427
2  7.3  0.27681
2  7.5  0.243536
2  7.7  0.214946
2  7.9  0.190161
2  8.1  0.168779
2  8.3  0.150202
2  8.5  0.134028
2  8.7  0.119699
2  8.9  0.107314
2  9.1  0.0962871
2  9.3  0.0866205
2  9.5  0.0779855
2  9.7  0.0703881
2  9.9  0.063702
2  10.1  0.0577723
2  10.3  0.0524752
2  10.5  0.0477389
2  10.7  0.0435082
2  10.9  0.0396889
2  11.1  0.0362871
2  11.3  0.0332319
2  11.5  0.0304587
2  11.7  0.0279647
2  11.9  0.0257867
4  0.1  1215.21
4  0.3  804.094
4  0.5  558.527
4  0.7  394.496
4  0.9  281.663
4  1.1  202.489
4  1.3  146.457
4  1.5  106.523
4  1.7  78.0342
4  1.9  57.5288
4  2.1  42.754
4  2.3  32.0468
4  2.5  24.2476
4  2.7  18.5181
4  2.9  14.2791
4  3.1  11.1131
4  3.3  8.73008
4  3.5  6.92174
4  3.7  5.53344
4  3.9  4.45949
4  4.1  3.62037
4  4.3  2.96339
4  4.5  2.44091
4  4.7  2.02371
4  4.9  1.68724
4  5.1  1.41455
4  5.3  1.19252
4  5.5  1.01129
4  5.7  0.860865
4  5.9  0.736828
4  6.1  0.63293
4  6.3  0.545345
4  6.5  0.472605
4  6.7  0.410551
4  6.9  0.358427
4  7.1  0.313681
4  7.3  0.275257
4  7.5  0.24203
4  7.7  0.213601
4  7.9  0.189045
4  8.1  0.167887
4  8.3  0.149344
4  8.5  0.133304
4  8.7  0.119099
4  8.9  0.106673
4  9.1  0.09571
4  9.3  0.0860989
4  9.5  0.0775414
4  9.7  0.0699918
4  9.9  0.0633349
4  10.1  0.0574039
4  10.3  0.052129
4  10.5  0.0474794
4  10.7  0.0431969
4  10.9  0.0394772
4  11.1  0.0361161
4  11.3  0.03304
4  11.5  0.030306
4  11.7  0.0277949
4  11.9  0.0256424
6  0.1  1208.36
6  0.3  799.399
6  0.5  555.215
6  0.7  392.09
6  0.9  279.704
6  1.1  201.125
6  1.3  145.413
6  1.5  105.728
6  1.7  77.4192
6  1.9  57.0635
6  2.1  42.397
6  2.3  31.7721
6  2.5  24.0192
6  2.7  18.3538
6  2.9  14.151
6  3.1  11.0123
6  3.3  8.6498
6  3.5  6.85825
6  3.7  5.48201
6  3.9  4.41823
6  4.1  3.58652
6  4.3  2.93483
6  4.5  2.41781
6  4.7  2.00461
6  4.9  1.67147
6  5.1  1.40132
6  5.3  1.18171
6  5.5  1.0018
6  5.7  0.853313
6  5.9  0.729714
6  6.1  0.626919
6  6.3  0.540337
6  6.5  0.468072
6  6.7  0.406869
6  6.9  0.354983
6  7.1  0.310654
6  7.3  0.272601
6  7.5  0.239792
6  7.7  0.211621
6  7.9  0.187257
6  8.1  0.166186
6  8.3  0.147922
6  8.5  0.131903
6  8.7  0.117906
6  8.9  0.105658
6  9.1  0.0948013
6  9.3  0.085237
6  9.5  0.0767863
6  9.7  0.0692996
6  9.9  0.0627555
6  10.1  0.0568945
6  10.3  0.0516142
6  10.5  0.0470136
6  10.7  0.0428544
6  10.9  0.0390897
6  11.1  0.0357129
6  11.3  0.0327301
6  11.5  0.029987
6  11.7  0.0275542
6  11.9  0.0253778
8  0.1  1198.65
8  0.3  792.575
8  0.5  550.476
8  0.7  388.646
8  0.9  277.287
8  1.1  199.169
8  1.3  143.924
8  1.5  104.592
8  1.7  76.5592
8  1.9  56.4012
8  2.1  41.8898
8  2.3  31.3825
8  2.5  23.7334
8  2.7  18.1202
8  2.9  13.9688
8  3.1  10.869
8  3.3  8.53654
8  3.5  6.76775
8  3.7  5.4096
8  3.9  4.35939
8  4.1  3.53884
8  4.3  2.89579
8  4.5  2.38553
8  4.7  1.97751
8  4.9  1.64887
8  5.1  1.3822
8  5.3  1.16565
8  5.5  0.988074
8  5.7  0.841638
8  5.9  0.719968
8  6.1  0.618209
8  6.3  0.533262
8  6.5  0.461574
8  6.7  0.401314
8  6.9  0.350046
8  7.1  0.306393
8  7.3  0.268813
8  7.5  0.236488
8  7.7  0.208626
8  7.9  0.184646
8  8.1  0.163915
8  8.3  0.145931
8  8.5  0.130061
8  8.7  0.11632
8  8.9  0.104123
8  9.1  0.0934353
8  9.3  0.0840664
8  9.5  0.0757421
8  9.7  0.0683318
8  9.9  0.0618587
8  10.1  0.0560516
8  10.3  0.0509723
8  10.5  0.046351
8  10.7  0.0422437
8  10.9  0.0385887
8  11.1  0.0352514
8  11.3  0.0322642
8  11.5  0.0295679
8  11.7  0.0271603
8  11.9  0.0250383
10  0.1  1185.75
10  0.3  783.791
10  0.5  544.208
10  0.7  384.025
10  0.9  273.871
10  1.1  196.586
10  1.3  141.967
10  1.5  103.1
10  1.7  75.4231
10  1.9  55.5312
10  2.1  41.2229
10  2.3  30.8701
10  2.5  23.3203
10  2.7  17.8135
10  2.9  13.7291
10  3.1  10.681
10  3.3  8.38807
10  3.5  6.64915
10  3.7  5.31444
10  3.9  4.28213
10  4.1  3.47601
10  4.3  2.84406
10  4.5  2.34278
10  4.7  1.94218
10  4.9  1.61926
10  5.1  1.35747
10  5.3  1.14471
10  5.5  0.970372
10  5.7  0.826153
10  5.9  0.706796
10  6.1  0.607127
10  6.3  0.523557
10  6.5  0.453224
10  6.7  0.393974
10  6.9  0.343642
10  7.1  0.300781
10  7.3  0.26396
10  7.5  0.232031
10  7.7  0.204806
10  7.9  0.181183
10  8.1  0.160925
10  8.3  0.143238
10  8.5  0.127737
10  8.7  0.114137
10  8.9  0.102269
10  9.1  0.091769
10  9.3  0.0824772
10  9.5  0.0743202
10  9.7  0.0670985
10  9.9  0.0607381
10  10.1  0.0550589
10  10.3  0.0499875
10  10.5  0.0454745
10  10.7  0.0414984
10  10.9  0.037822
10  11.1  0.0345717
10  11.3  0.0316856
10  11.5  0.0290238
10  11.7  0.0266634
10  11.9  0.0245724
12  0.1  1168.85
12  0.3  772.626
12  0.5  536.285
12  0.7  378.224
12  0.9  269.551
12  1.1  193.264
12  1.3  139.487
12  1.5  101.214
12  1.7  73.9877
12  1.9  54.4347
12  2.1  40.3835
12  2.3  30.2267
12  2.5  22.825
12  2.7  17.4275
12  2.9  13.4296
12  3.1  10.4457
12  3.3  8.2019
12  3.5  6.5008
12  3.7  5.19537
12  3.9  4.18557
12  4.1  3.3974
12  4.3  2.77944
12  4.5  2.28964
12  4.7  1.89777
12  4.9  1.58222
12  5.1  1.32643
12  5.3  1.11834
12  5.5  0.948115
12  5.7  0.807013
12  5.9  0.690537
12  6.1  0.593175
12  6.3  0.511396
12  6.5  0.442774
12  6.7  0.384857
12  6.9  0.33571
12  7.1  0.293819
12  7.3  0.257811
12  7.5  0.226648
12  7.7  0.200058
12  7.9  0.177009
12  8.1  0.157132
12  8.3  0.139849
12  8.5  0.12476
12  8.7  0.111457
12  8.9  0.0998785
12  9.1  0.0896056
12  9.3  0.0805371
12  9.5  0.0725859
12  9.7  0.0655468
12  9.9  0.0593079
12  10.1  0.0537255
12  10.3  0.048818
12  10.5  0.0444014
12  10.7  0.0405071
12  10.9  0.0369488
12  11.1  0.0337974
12  11.3  0.0309267
12  11.5  0.0283324
12  11.7  0.0260283
12  11.9  0.0240118
14  0.1  1148.32
14  0.3  758.62
14  0.5  526.463
14  0.7  371.141
14  0.9  264.202
14  1.1  189.305
14  1.3  136.433
14  1.5  98.8998
14  1.7  72.2241
14  1.9  53.0893
14  2.1  39.3537
14  2.3  29.4392
14  2.5  22.2164
14  2.7  16.9595
14  2.9  13.0628
14  3.1  10.1582
14  3.3  7.97425
14  3.5  6.3195
14  3.7  5.04938
14  3.9  4.0679
14  4.1  3.30163
14  4.3  2.7004
14  4.5  2.22425
14  4.7  1.8435
14  4.9  1.53711
14  5.1  1.28838
14  5.3  1.0862
14  5.5  0.920794
14  5.7  0.784131
14  5.9  0.670664
14  6.1  0.575988
14  6.3  0.496689
14  6.5  0.429923
14  6.7  0.373696
14  6.9  0.325942
14  7.1  0.28524
14  7.3  0.250291
14  7.5  0.22015
14  7.7  0.194219
14  7.9  0.171888
14  8.1  0.152609
14  8.3  0.135856
14  8.5  0.121078
14  8.7  0.10817
14  8.9  0.0968761
14  9.1  0.086972
14  9.3  0.0782491
14  9.5  0.0704526
14  9.7  0.0635617
14  9.9  0.0575814
14  10.1  0.0522098
14  10.3  0.0474045
14  10.5  0.0431281
14  10.7  0.0392977
14  10.9  0.0358555
14  11.1  0.0327934
14  11.3  0.0300283
14  11.5  0.0275036
14  11.7  0.0252469
14  11.9  0.0232898
16  0.1  1123.08
16  0.3  741.924
16  0.5  514.431
16  0.7  362.44
16  0.9  257.628
16  1.1  184.413
16  1.3  132.738
16  1.5  96.1117
16  1.7  70.0858
16  1.9  51.4589
16  2.1  38.1108
16  2.3  28.4887
16  2.5  21.4953
16  2.7  16.3939
16  2.9  12.6215
16  3.1  9.81233
16  3.3  7.70061
16  3.5  6.10089
16  3.7  4.8743
16  3.9  3.9262
16  4.1  3.18599
16  4.3  2.60565
16  4.5  2.14667
16  4.7  1.77855
16  4.9  1.48269
16  5.1  1.24277
16  5.3  1.04777
16  5.5  0.888111
16  5.7  0.756115
16  5.9  0.646713
16  6.1  0.555479
16  6.3  0.478859
16  6.5  0.414552
16  6.7  0.360268
16  6.9  0.314318
16  7.1  0.274983
16  7.3  0.241315
16  7.5  0.212231
16  7.7  0.18722
16  7.9  0.165705
16  8.1  0.147075
16  8.3  0.130948
16  8.5  0.116655
16  8.7  0.104341
16  8.9  0.0933793
16  9.1  0.0838309
16  9.3  0.0753696
16  9.5  0.0679072
16  9.7  0.0612843
16  9.9  0.0554711
16  10.1  0.0502649
16  10.3  0.0456403
16  10.5  0.0415521
16  10.7  0.0378358
16  10.9  0.0345462
16  11.1  0.0315815
16  11.3  0.0289292
16  11.5  0.0265168
16  11.7  0.0243464
16  11.9  0.0224643
18  0.1  1092.61
18  0.3  721.387
18  0.5  499.761
18  0.7  351.819
18  0.9  249.716
18  1.1  178.476
18  1.3  128.261
18  1.5  92.6906
18  1.7  67.5119
18  1.9  49.5037
18  2.1  36.6262
18  2.3  27.3507
18  2.5  20.6241
18  2.7  15.718
18  2.9  12.0946
18  3.1  9.39704
18  3.3  7.37432
18  3.5  5.84138
18  3.7  4.66562
18  3.9  3.75703
18  4.1  3.04836
18  4.3  2.49309
18  4.5  2.05295
18  4.7  1.70135
18  4.9  1.41794
18  5.1  1.18841
18  5.3  1.00173
18  5.5  0.849185
18  5.7  0.722955
18  5.9  0.618238
18  6.1  0.530701
18  6.3  0.457681
18  6.5  0.396225
18  6.7  0.344308
18  6.9  0.300327
18  7.1  0.262784
18  7.3  0.230534
18  7.5  0.202694
18  7.7  0.178797
18  7.9  0.158261
18  8.1  0.140479
18  8.3  0.125077
18  8.5  0.11147
18  8.7  0.0995696
18  8.9  0.0892201
18  9.1  0.0801183
18  9.3  0.0720299
18  9.5  0.0648675
18  9.7  0.0585595
18  9.9  0.0529861
18  10.1  0.0480114
18  10.3  0.0436033
18  10.5  0.0396804
18  10.7  0.0361781
18  10.9  0.0329902
18  11.1  0.030174
18  11.3  0.0276
18  11.5  0.0253467
18  11.7  0.0232684
18  11.9  0.0214348
20  0.1  1054.79
20  0.3  695.818
20  0.5  481.859
20  0.7  338.805
20  0.9  240.094
20  1.1  171.3
20  1.3  122.835
20  1.5  88.5843
20  1.7  64.4045
20  1.9  47.1545
20  2.1  34.8406
20  2.3  25.9891
20  2.5  19.5778
20  2.7  14.9111
20  2.9  11.4683
20  3.1  8.90698
20  3.3  6.98548
20  3.5  5.53009
20  3.7  4.41669
20  3.9  3.55599
20  4.1  2.8847
20  4.3  2.35877
20  4.5  1.94208
20  4.7  1.60902
20  4.9  1.34103
20  5.1  1.12357
20  5.3  0.947059
20  5.5  0.802702
20  5.7  0.683318
20  5.9  0.583889
20  6.1  0.501475
20  6.3  0.432423
20  6.5  0.374442
20  6.7  0.325371
20  6.9  0.283674
20  7.1  0.248227
20  7.3  0.217818
20  7.5  0.191551
20  7.7  0.169029
20  7.9  0.149501
20  8.1  0.132729
20  8.3  0.118075
20  8.5  0.10527
20  8.7  0.0940999
20  8.9  0.0842084
20  9.1  0.0756136
20  9.3  0.0679641
20  9.5  0.061233
20  9.7  0.0552698
20  9.9  0.0500229
20  10.1  0.0453404
20  10.3  0.0411849
20  10.5  0.0374395
20  10.7  0.0341757
20  10.9  0.0311778
20  11.1  0.0284811
20  11.3  0.0260489
20  11.5  0.0239204
20  11.7  0.0219844
20  11.9  0.02026
22  0.1  1008.68
22  0.3  664.648
22  0.5  459.565
22  0.7  322.718
22  0.9  228.221
22  1.1  162.473
22  1.3  116.224
22  1.5  83.6585
22  1.7  60.6591
22  1.9  44.3214
22  2.1  32.6931
22  2.3  24.3531
22  2.5  18.3249
22  2.7  13.944
22  2.9  10.7164
22  3.1  8.32097
22  3.3  6.51846
22  3.5  5.16088
22  3.7  4.12014
22  3.9  3.31614
22  4.1  2.68959
22  4.3  2.19839
22  4.5  1.80972
22  4.7  1.49923
22  4.9  1.24935
22  5.1  1.04663
22  5.3  0.88205
22  5.5  0.747313
22  5.7  0.636274
22  5.9  0.543935
22  6.1  0.46696
22  6.3  0.402482
22  6.5  0.348341
22  6.7  0.302708
22  6.9  0.263955
22  7.1  0.23093
22  7.3  0.20264
22  7.5  0.178139
22  7.7  0.157188
22  7.9  0.139034
22  8.1  0.123324
22  8.3  0.10979
22  8.5  0.0978666
22  8.7  0.0874249
22  8.9  0.0783102
22  9.1  0.0702724
22  9.3  0.0632035
22  9.5  0.0568993
22  9.7  0.0513672
22  9.9  0.0464701
22  10.1  0.0421395
22  10.3  0.0382704
22  10.5  0.0348527
22  10.7  0.0317357
22  10.9  0.0289781
22  11.1  0.0264689
22  11.3  0.0242316
22  11.5  0.0222564
22  11.7  0.0204212
22  11.9  0.018845
24  0.1  950.404
24  0.3  626.094
24  0.5  432.461
24  0.7  302.784
24  0.9  213.683
24  1.1  151.621
24  1.3  108.093
24  1.5  77.5321
24  1.7  56.0708
24  1.9  40.8864
24  2.1  30.0935
24  2.3  22.3764
24  2.5  16.8147
24  2.7  12.7806
24  2.9  9.8139
24  3.1  7.60955
24  3.3  5.96221
24  3.5  4.71677
24  3.7  3.76434
24  3.9  3.02832
24  4.1  2.45517
24  4.3  2.0064
24  4.5  1.65107
24  4.7  1.36747
24  4.9  1.13923
24  5.1  0.95417
24  5.3  0.80396
24  5.5  0.681074
24  5.7  0.579696
24  5.9  0.495525
24  6.1  0.425145
24  6.3  0.366597
24  6.5  0.317132
24  6.7  0.275674
24  6.9  0.240264
24  7.1  0.210209
24  7.3  0.184389
24  7.5  0.162215
24  7.7  0.142991
24  7.9  0.126488
24  8.1  0.112273
24  8.3  0.0998333
24  8.5  0.0890746
24  8.7  0.0795906
24  8.9  0.071234
24  9.1  0.0638982
24  9.3  0.0574554
24  9.5  0.0517525
24  9.7  0.0467037
24  9.9  0.0422742
24  10.1  0.0383154
24  10.3  0.0347869
24  10.5  0.0316867
24  10.7  0.0288515
24  10.9  0.0263271
24  11.1  0.0240965
24  11.3  0.0220673
24  11.5  0.020245
24  11.7  0.0185864
24  11.9  0.0171289
26  0.1  876.888
26  0.3  576.952
26  0.5  397.742
26  0.7  277.746
26  0.9  195.241
26  1.1  137.952
26  1.3  97.9995
26  1.5  70.0218
26  1.7  50.4683
26  1.9  36.6585
26  2.1  26.9313
26  2.3  19.9804
26  2.5  14.9882
26  2.7  11.3709
26  2.9  8.72176
26  3.1  6.76103
26  3.3  5.29215
26  3.5  4.18321
26  3.7  3.33606
26  3.9  2.68248
26  4.1  2.17389
26  4.3  1.77585
26  4.5  1.46078
26  4.7  1.20943
26  4.9  1.00718
26  5.1  0.843227
26  5.3  0.710318
26  5.5  0.601712
26  5.7  0.512022
26  5.9  0.437274
26  6.1  0.3754
26  6.3  0.323475
26  6.5  0.279731
26  6.7  0.243186
26  6.9  0.211916
26  7.1  0.185295
26  7.3  0.162559
26  7.5  0.142992
26  7.7  0.126033
26  7.9  0.111416
26  8.1  0.0989063
26  8.3  0.087993
26  8.5  0.0784317
26  8.7  0.0700768
26  8.9  0.0627553
26  9.1  0.0562622
26  9.3  0.0505755
26  9.5  0.0455651
26  9.7  0.0411033
26  9.9  0.0372173
26  10.1  0.0337175
26  10.3  0.0306208
26  10.5  0.0278453
26  10.7  0.0254131
26  10.9  0.0231847
26  11.1  0.0212183
26  11.3  0.0194154
26  11.5  0.017813
26  11.7  0.016362
26  11.9  0.0151017
28  0.1  783.721
28  0.3  514.735
28  0.5  354.104
28  0.7  246.422
28  0.9  172.318
28  1.1  121.099
28  1.3  85.5779
28  1.5  60.8215
28  1.7  43.6364
28  1.9  31.5679
28  2.1  23.1131
28  2.3  17.1028
28  2.5  12.8062
28  2.7  9.69363
28  2.9  7.42651
28  3.1  5.74748
28  3.3  4.49343
28  3.5  3.54834
28  3.7  2.82787
28  3.9  2.27212
28  4.1  1.83977
28  4.3  1.50202
28  4.5  1.23501
28  4.7  1.02192
28  4.9  0.850564
28  5.1  0.711983
28  5.3  0.599326
28  5.5  0.507501
28  5.7  0.43171
28  5.9  0.368772
28  6.1  0.316353
28  6.3  0.272425
28  6.5  0.235707
28  6.7  0.204787
28  6.9  0.178359
28  7.1  0.155924
28  7.3  0.136705
28  7.5  0.120248
28  7.7  0.106084
28  7.9  0.0936956
28  8.1  0.0831189
28  8.3  0.073944
28  8.5  0.0658728
28  8.7  0.0588914
28  8.9  0.0527031
28  9.1  0.0472789
28  9.3  0.0424413
28  9.5  0.038285
28  9.7  0.0345031
28  9.9  0.0312649
28  10.1  0.0283314
28  10.3  0.0257297
28  10.5  0.0234147
28  10.7  0.0213266
28  10.9  0.0194815
28  11.1  0.0178087
28  11.3  0.0163106
28  11.5  0.0149606
28  11.7  0.0137678
28  11.9  0.0126988
30  0.1  667.697
30  0.3  437.407
30  0.5  300.143
30  0.7  207.828
30  0.9  144.48
30  1.1  100.777
30  1.3  70.6895
30  1.5  49.9153
30  1.7  35.5972
30  1.9  25.6318
30  2.1  18.6811
30  2.3  13.7806
30  2.5  10.286
30  2.7  7.76635
30  2.9  5.9376
30  3.1  4.58816
30  3.3  3.58082
30  3.5  2.82452
30  3.7  2.248
30  3.9  1.80426
30  4.1  1.45953
30  4.3  1.19078
30  4.5  0.978358
30  4.7  0.808263
30  4.9  0.672702
30  5.1  0.562584
30  5.3  0.47354
30  5.5  0.400684
30  5.7  0.340657
30  5.9  0.290886
30  6.1  0.249375
30  6.3  0.214763
30  6.5  0.185738
30  6.7  0.161274
30  6.9  0.14046
30  7.1  0.122748
30  7.3  0.107573
30  7.5  0.0944561
30  7.7  0.0833108
30  7.9  0.0736048
30  8.1  0.0653056
30  8.3  0.0580945
30  8.5  0.05177
30  8.7  0.046229
30  8.9  0.0413261
30  9.1  0.0370856
30  9.3  0.0333408
30  9.5  0.0300199
30  9.7  0.0270799
30  9.9  0.024524
30  10.1  0.0222457
30  10.3  0.0202236
30  10.5  0.0183858
30  10.7  0.0167513
30  10.9  0.0153158
30  11.1  0.014005
30  11.3  0.0128136
30  11.5  0.0117487
30  11.7  0.0107869
30  11.9  0.00995985
32  0.1  533.412
32  0.3  348.517
32  0.5  238.173
32  0.7  163.715
32  0.9  112.968
32  1.1  78.0635
32  1.3  54.2753
32  1.5  38.0216
32  1.7  26.9007
32  1.9  19.254
32  2.1  13.9579
32  2.3  10.2475
32  2.5  7.62045
32  2.7  5.74096
32  2.9  4.37697
32  3.1  3.37313
32  3.3  2.62138
32  3.5  2.06526
32  3.7  1.64303
32  3.9  1.31715
32  4.1  1.06387
32  4.3  0.866788
32  4.5  0.711052
32  4.7  0.587302
32  4.9  0.487999
32  5.1  0.407929
32  5.3  0.343143
32  5.5  0.290052
32  5.7  0.246239
32  5.9  0.210206
32  6.1  0.180164
32  6.3  0.154948
32  6.5  0.13386
32  6.7  0.116206
32  6.9  0.101191
32  7.1  0.0883562
32  7.3  0.0773826
32  7.5  0.0679612
32  7.7  0.0599019
32  7.9  0.0529537
32  8.1  0.0469462
32  8.3  0.0417323
32  8.5  0.0371546
32  8.7  0.0331957
32  8.9  0.0297243
32  9.1  0.0266539
32  9.3  0.02396
32  9.5  0.0215445
32  9.7  0.0194524
32  9.9  0.0176515
32  10.1  0.0159578
32  10.3  0.0145088
32  10.5  0.0131857
32  10.7  0.0120228
32  10.9  0.0109646
32  11.1  0.0100476
32  11.3  0.00919248
32  11.5  0.00844452
32  11.7  0.00775599
32  11.9  0.00712536
34  0.1  395.95
34  0.3  258.131
34  0.5  175.286
34  0.7  119.634
34  0.9  81.6201
34  1.1  55.8222
34  1.3  38.3624
34  1.5  26.6206
34  1.7  18.6676
34  1.9  13.2656
34  2.1  9.55755
34  2.3  6.97607
34  2.5  5.16441
34  2.7  3.87206
34  2.9  2.9421
34  3.1  2.26042
34  3.3  1.75511
34  3.5  1.37888
34  3.7  1.09331
34  3.9  0.874117
34  4.1  0.705106
34  4.3  0.573325
34  4.5  0.469867
34  4.7  0.387618
34  4.9  0.321371
34  5.1  0.268396
34  5.3  0.225344
34  5.5  0.190379
34  5.7  0.161446
34  5.9  0.137692
34  6.1  0.11794
34  6.3  0.101336
34  6.5  0.0875052
34  6.7  0.0758694
34  6.9  0.0660384
34  7.1  0.0576204
34  7.3  0.0504071
34  7.5  0.0442843
34  7.7  0.0390093
34  7.9  0.0344427
34  8.1  0.0305932
34  8.3  0.0271681
34  8.5  0.0242281
34  8.7  0.0216663
34  8.9  0.019402
34  9.1  0.0174476
34  9.3  0.0155587
34  9.5  0.0138605
34  9.7  0.0128266
34  9.9  0.0114851
34  10.1  0.0104959
34  10.3  0.00955162
34  10.5  0.00866388
34  10.7  0.00792881
34  10.9  0.0072451
34  11.1  0.00663441
34  11.3  0.00608596
34  11.5  0.0055816
34  11.7  0.00514452
34  11.9  0.00472612
