# fragmentation : Kniehl & Kramer (N=0.694, eps=0.101)
# channel       : An0n
#   dipole file dir       : data/Pb/bk_posterior/member_0097/glauber_mve_<b>
#   pD0 loop             : 0.1 to 12.0 GeV, step 0.2
#   fixed rapidity y      : 2.0
# ============================================================
# b  pD0  dsigma_dyd2pD0
0  0.1  596.703
0  0.3  371.162
0  0.5  241.713
0  0.7  159.484
0  0.9  106.246
0  1.1  71.5468
0  1.3  48.6477
0  1.5  33.44
0  1.7  23.2174
0  1.9  16.2797
0  2.1  11.53
0  2.3  8.2429
0  2.5  5.95397
0  2.7  4.34168
0  2.9  3.19503
0  3.1  2.3742
0  3.3  1.7786
0  3.5  1.34246
0  3.7  1.02246
0  3.9  0.784275
0  4.1  0.605904
0  4.3  0.47121
0  4.5  0.368873
0  4.7  0.290518
0  4.9  0.23014
0  5.1  0.183241
0  5.3  0.146705
0  5.5  0.118095
0  5.7  0.0954512
0  5.9  0.0774812
0  6.1  0.0631737
0  6.3  0.051717
0  6.5  0.042528
0  6.7  0.0350506
0  6.9  0.029009
0  7.1  0.0241112
0  7.3  0.0200893
0  7.5  0.0167888
0  7.7  0.0140553
0  7.9  0.0118102
0  8.1  0.00995019
0  8.3  0.00840493
0  8.5  0.00712627
0  8.7  0.00604797
0  8.9  0.00514571
0  9.1  0.00438806
0  9.3  0.00374962
0  9.5  0.00321048
0  9.7  0.00275399
0  9.9  0.00236663
0  10.1  0.00203485
0  10.3  0.00175751
0  10.5  0.00151608
0  10.7  0.00131416
0  10.9  0.00113934
0  11.1  0.000989311
0  11.3  0.000860335
0  11.5  0.000749284
0  11.7  0.000653394
0  11.9  0.000570591
2  0.1  596.235
2  0.3  370.869
2  0.5  241.517
2  0.7  159.352
2  0.9  106.155
2  1.1  71.4828
2  1.3  48.6023
2  1.5  33.4072
2  1.7  23.1936
2  1.9  16.2622
2  2.1  11.5172
2  2.3  8.2334
2  2.5  5.94689
2  2.7  4.33637
2  2.9  3.19103
2  3.1  2.37117
2  3.3  1.77629
2  3.5  1.34069
2  3.7  1.02108
2  3.9  0.783208
2  4.1  0.605071
2  4.3  0.470556
2  4.5  0.368356
2  4.7  0.290108
2  4.9  0.229812
2  5.1  0.182979
2  5.3  0.146494
2  5.5  0.117923
2  5.7  0.095312
2  5.9  0.0773671
2  6.1  0.0630806
2  6.3  0.0516405
2  6.5  0.0424651
2  6.7  0.0349977
2  6.9  0.0289655
2  7.1  0.0240749
2  7.3  0.0200589
2  7.5  0.0167634
2  7.7  0.014034
2  7.9  0.0117921
2  8.1  0.00993484
2  8.3  0.0083919
2  8.5  0.00711515
2  8.7  0.00603848
2  8.9  0.00513764
2  9.1  0.00438111
2  9.3  0.00374366
2  9.5  0.00320543
2  9.7  0.00274963
2  9.9  0.00236287
2  10.1  0.0020316
2  10.3  0.0017547
2  10.5  0.00151363
2  10.7  0.001312
2  10.9  0.0011375
2  11.1  0.000987735
2  11.3  0.00085896
2  11.5  0.000748072
2  11.7  0.000652343
2  11.9  0.000569682
4  0.1  594.821
4  0.3  369.981
4  0.5  240.928
4  0.7  158.954
4  0.9  105.88
4  1.1  71.2895
4  1.3  48.4649
4  1.5  33.3081
4  1.7  23.1216
4  1.9  16.2096
4  2.1  11.4784
4  2.3  8.20478
4  2.5  5.92554
4  2.7  4.32038
4  2.9  3.17899
4  3.1  2.36204
4  3.3  1.76932
4  3.5  1.33534
4  3.7  1.01694
4  3.9  0.779996
4  4.1  0.602559
4  4.3  0.468583
4  4.5  0.366798
4  4.7  0.288869
4  4.9  0.228824
4  5.1  0.182185
4  5.3  0.145854
4  5.5  0.117407
4  5.7  0.0948912
4  5.9  0.0770248
4  6.1  0.0628
4  6.3  0.0514096
4  6.5  0.0422741
4  6.7  0.0348399
4  6.9  0.0288333
4  7.1  0.0239641
4  7.3  0.0199663
4  7.5  0.0166858
4  7.7  0.0139687
4  7.9  0.0117372
4  8.1  0.00988865
4  8.3  0.00835281
4  8.5  0.00708203
4  8.7  0.00601028
4  8.9  0.0051136
4  9.1  0.00436045
4  9.3  0.00372605
4  9.5  0.00319026
4  9.7  0.00273663
4  9.9  0.00235165
4  10.1  0.00202193
4  10.3  0.00174632
4  10.5  0.00150641
4  10.7  0.00130339
4  10.9  0.00113209
4  11.1  0.000983011
4  11.3  0.000854836
4  11.5  0.000744471
4  11.7  0.000649202
4  11.9  0.000566915
6  0.1  592.359
6  0.3  368.489
6  0.5  239.913
6  0.7  158.267
6  0.9  105.414
6  1.1  70.9628
6  1.3  48.2326
6  1.5  33.1405
6  1.7  22.9999
6  1.9  16.1206
6  2.1  11.413
6  2.3  8.15645
6  2.5  5.88952
6  2.7  4.29341
6  2.9  3.15867
6  3.1  2.34663
6  3.3  1.75756
6  3.5  1.32632
6  3.7  1.00997
6  3.9  0.774582
6  4.1  0.598328
6  4.3  0.465262
6  4.5  0.364172
6  4.7  0.286782
6  4.9  0.227161
6  5.1  0.180853
6  5.3  0.144779
6  5.5  0.116536
6  5.7  0.0941828
6  5.9  0.0764458
6  6.1  0.0623258
6  6.3  0.0510188
6  6.5  0.0419514
6  6.7  0.0345731
6  6.9  0.0286117
6  7.1  0.0237801
6  7.3  0.0198119
6  7.5  0.0165561
6  7.7  0.0138598
6  7.9  0.0116453
6  8.1  0.00981066
6  8.3  0.00828689
6  8.5  0.00702594
6  8.7  0.00596256
6  8.9  0.00507282
6  9.1  0.00432572
6  9.3  0.00369628
6  9.5  0.00316471
6  9.7  0.0027147
6  9.9  0.00233275
6  10.1  0.00200574
6  10.3  0.0017323
6  10.5  0.00149428
6  10.7  0.00129283
6  10.9  0.00112294
6  11.1  0.000975058
6  11.3  0.000847915
6  11.5  0.000738416
6  11.7  0.000643894
6  11.9  0.000562298
8  0.1  589.005
8  0.3  366.332
8  0.5  238.506
8  0.7  157.318
8  0.9  104.752
8  1.1  70.4944
8  1.3  47.9001
8  1.5  32.9008
8  1.7  22.8261
8  1.9  15.9935
8  2.1  11.3196
8  2.3  8.0874
8  2.5  5.83813
8  2.7  4.25617
8  2.9  3.12968
8  3.1  2.32466
8  3.3  1.7408
8  3.5  1.31347
8  3.7  1.00005
8  3.9  0.766877
8  4.1  0.592312
8  4.3  0.460533
8  4.5  0.360435
8  4.7  0.283813
8  4.9  0.22479
8  5.1  0.178953
8  5.3  0.143249
8  5.5  0.115298
8  5.7  0.0931759
8  5.9  0.0756228
8  6.1  0.0616516
8  6.3  0.0504644
8  6.5  0.0414637
8  6.7  0.0341946
8  6.9  0.0282971
8  7.1  0.0235174
8  7.3  0.0195926
8  7.5  0.0163721
8  7.7  0.0137051
8  7.9  0.011515
8  8.1  0.0097007
8  8.3  0.0081936
8  8.5  0.00694666
8  8.7  0.00589508
8  8.9  0.00501529
8  9.1  0.0042767
8  9.3  0.00365427
8  9.5  0.00312867
8  9.7  0.00268372
8  9.9  0.00230609
8  10.1  0.00198269
8  10.3  0.00171242
8  10.5  0.00147712
8  10.7  0.00128028
8  10.9  0.00111001
8  11.1  0.00096379
8  11.3  0.000838127
8  11.5  0.000729852
8  11.7  0.000636394
8  11.9  0.000555742
10  0.1  584.462
10  0.3  363.485
10  0.5  236.615
10  0.7  156.04
10  0.9  103.868
10  1.1  69.8734
10  1.3  47.46
10  1.5  32.5837
10  1.7  22.5961
10  1.9  15.8256
10  2.1  11.1961
10  2.3  7.99619
10  2.5  5.77028
10  2.7  4.2054
10  2.9  3.09147
10  3.1  2.29572
10  3.3  1.71873
10  3.5  1.29655
10  3.7  0.986972
10  3.9  0.756728
10  4.1  0.584383
10  4.3  0.454306
10  4.5  0.355518
10  4.7  0.279908
10  4.9  0.221675
10  5.1  0.176454
10  5.3  0.141236
10  5.5  0.113668
10  5.7  0.0918513
10  5.9  0.0745425
10  6.1  0.0607662
10  6.3  0.0497358
10  6.5  0.0408623
10  6.7  0.0336961
10  6.9  0.0278826
10  7.1  0.0231718
10  7.3  0.0193039
10  7.5  0.01613
10  7.7  0.0135175
10  7.9  0.0113431
10  8.1  0.00955537
10  8.3  0.00807048
10  8.5  0.00684196
10  8.7  0.00580602
10  8.9  0.00493944
10  9.1  0.00421171
10  9.3  0.00359875
10  9.5  0.00308099
10  9.7  0.00264281
10  9.9  0.00227086
10  10.1  0.00195241
10  10.3  0.00168618
10  10.5  0.00145443
10  10.7  0.00126057
10  10.9  0.00109118
10  11.1  0.000948959
10  11.3  0.000825254
10  11.5  0.000718595
10  11.7  0.000626568
10  11.9  0.000547154
12  0.1  578.663
12  0.3  359.86
12  0.5  234.203
12  0.7  154.412
12  0.9  102.747
12  1.1  69.0839
12  1.3  46.9007
12  1.5  32.1812
12  1.7  22.3044
12  1.9  15.6127
12  2.1  11.0399
12  2.3  7.88082
12  2.5  5.68454
12  2.7  4.14123
12  2.9  3.04322
12  3.1  2.25919
12  3.3  1.69085
12  3.5  1.27581
12  3.7  0.970476
12  3.9  0.743922
12  4.1  0.574381
12  4.3  0.446451
12  4.5  0.349313
12  4.7  0.274978
12  4.9  0.217742
12  5.1  0.173302
12  5.3  0.138695
12  5.5  0.111616
12  5.7  0.0901794
12  5.9  0.0731789
12  6.1  0.0596496
12  6.3  0.0488179
12  6.5  0.0401048
12  6.7  0.0330686
12  6.9  0.0273611
12  7.1  0.0227371
12  7.3  0.0189407
12  7.5  0.015825
12  7.7  0.0132611
12  7.9  0.0111272
12  8.1  0.00937297
12  8.3  0.00791612
12  8.5  0.0067107
12  8.7  0.0056943
12  8.9  0.00484407
12  9.1  0.00413017
12  9.3  0.003529
12  9.5  0.00302106
12  9.7  0.00259122
12  9.9  0.00222645
12  10.1  0.00191414
12  10.3  0.00165129
12  10.5  0.00142581
12  10.7  0.00123576
12  10.9  0.00106942
12  11.1  0.000930251
12  11.3  0.000808894
12  11.5  0.00070431
12  11.7  0.000614075
12  11.9  0.000536268
14  0.1  571.514
14  0.3  355.354
14  0.5  231.213
14  0.7  152.393
14  0.9  101.354
14  1.1  68.1036
14  1.3  46.2063
14  1.5  31.6819
14  1.7  21.9432
14  1.9  15.3501
14  2.1  10.8464
14  2.3  7.73809
14  2.5  5.57859
14  2.7  4.062
14  2.9  2.98366
14  3.1  2.21412
14  3.3  1.6565
14  3.5  1.24948
14  3.7  0.95033
14  3.9  0.728164
14  4.1  0.56208
14  4.3  0.436794
14  4.5  0.341689
14  4.7  0.268924
14  4.9  0.212915
14  5.1  0.169432
14  5.3  0.135578
14  5.5  0.109087
14  5.7  0.0881328
14  5.9  0.0715052
14  6.1  0.0582798
14  6.3  0.0476908
14  6.5  0.0391748
14  6.7  0.0322989
14  6.9  0.0267216
14  7.1  0.022204
14  7.3  0.0184948
14  7.5  0.0154511
14  7.7  0.012947
14  7.9  0.0108629
14  8.1  0.00914968
14  8.3  0.00772598
14  8.5  0.00654889
14  8.7  0.00555654
14  8.9  0.00472726
14  9.1  0.00403045
14  9.3  0.00344364
14  9.5  0.00294785
14  9.7  0.00252825
14  9.9  0.00217217
14  10.1  0.00186806
14  10.3  0.0016127
14  10.5  0.00139089
14  10.7  0.0012054
14  10.9  0.00104508
14  11.1  0.000907375
14  11.3  0.000788946
14  11.5  0.000686941
14  11.7  0.000598922
14  11.9  0.000523014
16  0.1  562.68
16  0.3  349.801
16  0.5  227.529
16  0.7  149.815
16  0.9  99.6394
16  1.1  66.9006
16  1.3  45.354
16  1.5  31.0703
16  1.7  21.5007
16  1.9  15.028
16  2.1  10.6089
16  2.3  7.56403
16  2.5  5.44947
16  2.7  3.96555
16  2.9  2.91255
16  3.1  2.15933
16  3.3  1.61478
16  3.5  1.2175
16  3.7  0.925694
16  3.9  0.709049
16  4.1  0.547156
16  4.3  0.425085
16  4.5  0.332392
16  4.7  0.261583
16  4.9  0.206981
16  5.1  0.164744
16  5.3  0.131802
16  5.5  0.106031
16  5.7  0.085646
16  5.9  0.0694803
16  6.1  0.0566222
16  6.3  0.0463281
16  6.5  0.0380502
16  6.7  0.0313675
16  6.9  0.0259475
16  7.1  0.0215585
16  7.3  0.0179552
16  7.5  0.0149981
16  7.7  0.0125667
16  7.9  0.0105427
16  8.1  0.00887927
16  8.3  0.00749793
16  8.5  0.00635514
16  8.7  0.00539181
16  8.9  0.00458623
16  9.1  0.00390959
16  9.3  0.00334038
16  9.5  0.00285924
16  9.7  0.00245212
16  9.9  0.00210679
16  10.1  0.00181164
16  10.3  0.00156393
16  10.5  0.0013488
16  10.7  0.00116882
16  10.9  0.00101332
16  11.1  0.000879795
16  11.3  0.000764913
16  11.5  0.000665964
16  11.7  0.000580587
16  11.9  0.000506963
18  0.1  551.827
18  0.3  342.979
18  0.5  223.004
18  0.7  146.764
18  0.9  97.5362
18  1.1  65.4276
18  1.3  44.3111
18  1.5  30.3228
18  1.7  20.9612
18  1.9  14.6357
18  2.1  10.3216
18  2.3  7.35258
18  2.5  5.29439
18  2.7  3.84866
18  2.9  2.82485
18  3.1  2.09305
18  3.3  1.56436
18  3.5  1.17888
18  3.7  0.895955
18  3.9  0.685981
18  4.1  0.529153
18  4.3  0.410966
18  4.5  0.321256
18  4.7  0.252688
18  4.9  0.199936
18  5.1  0.159098
18  5.3  0.12729
18  5.5  0.102355
18  5.7  0.0826558
18  5.9  0.0670408
18  6.1  0.0546254
18  6.3  0.044687
18  6.5  0.0366965
18  6.7  0.0302467
18  6.9  0.0250165
18  7.1  0.0207828
18  7.3  0.0173067
18  7.5  0.014454
18  7.7  0.0121094
18  7.9  0.0101579
18  8.1  0.0085543
18  8.3  0.00722274
18  8.5  0.00612111
18  8.7  0.00519287
18  8.9  0.00441655
18  9.1  0.00376475
18  9.3  0.0032162
18  9.5  0.00275272
18  9.7  0.00236054
18  9.9  0.00202552
18  10.1  0.00174369
18  10.3  0.00150515
18  10.5  0.00129806
18  10.7  0.00112472
18  10.9  0.000975055
18  11.1  0.00084649
18  11.3  0.000735938
18  11.5  0.0006407
18  11.7  0.000558541
18  11.9  0.000487673
20  0.1  538.51
20  0.3  334.555
20  0.5  217.423
20  0.7  143.002
20  0.9  94.9479
20  1.1  63.6162
20  1.3  43.0295
20  1.5  29.4062
20  1.7  20.3006
20  1.9  14.1547
20  2.1  9.97128
20  2.3  7.09512
20  2.5  5.10378
20  2.7  3.70666
20  2.9  2.71842
20  3.1  2.01269
20  3.3  1.50302
20  3.5  1.13214
20  3.7  0.860003
20  3.9  0.658241
20  4.1  0.507423
20  4.3  0.393931
20  4.5  0.307823
20  4.7  0.242017
20  4.9  0.191446
20  5.1  0.152296
20  5.3  0.121815
20  5.5  0.0979243
20  5.7  0.079026
20  5.9  0.0641079
20  6.1  0.0522267
20  6.3  0.0427154
20  6.5  0.0350699
20  6.7  0.0289009
20  6.9  0.0238987
20  7.1  0.0198513
20  7.3  0.016528
20  7.5  0.0138009
20  7.7  0.0115603
20  7.9  0.00969624
20  8.1  0.00816446
20  8.3  0.00689272
20  8.5  0.00584056
20  8.7  0.00495424
20  8.9  0.00421315
20  9.1  0.00359104
20  9.3  0.00306742
20  9.5  0.00262511
20  9.7  0.00225093
20  9.9  0.00193126
20  10.1  0.00166236
20  10.3  0.00143482
20  10.5  0.00123736
20  10.7  0.00107198
20  10.9  0.000927588
20  11.1  0.00080669
20  11.3  0.00070121
20  11.5  0.00061044
20  11.7  0.000532123
20  11.9  0.000464573
22  0.1  521.852
22  0.3  323.994
22  0.5  210.454
22  0.7  138.309
22  0.9  91.7228
22  1.1  61.3646
22  1.3  41.4383
22  1.5  28.2715
22  1.7  19.4846
22  1.9  13.5634
22  2.1  9.54032
22  2.3  6.78117
22  2.5  4.8702
22  2.7  3.53292
22  2.9  2.58837
22  3.1  1.91462
22  3.3  1.42856
22  3.5  1.07521
22  3.7  0.816013
22  3.9  0.624362
22  4.1  0.481017
22  4.3  0.373241
22  4.5  0.291515
22  4.7  0.229098
22  4.9  0.181153
22  5.1  0.144053
22  5.3  0.115174
22  5.5  0.0925206
22  5.7  0.0746727
22  5.9  0.0605586
22  6.1  0.0493222
22  6.3  0.0403296
22  6.5  0.0331025
22  6.7  0.027273
22  6.9  0.0225469
22  7.1  0.0187251
22  7.3  0.0155875
22  7.5  0.0130131
22  7.7  0.0108978
22  7.9  0.00913907
22  8.1  0.00769394
22  8.3  0.00649435
22  8.5  0.00550207
22  8.7  0.00466626
22  8.9  0.0039676
22  9.1  0.00338091
22  9.3  0.00288775
22  9.5  0.00247112
22  9.7  0.0021161
22  9.9  0.00181764
22  10.1  0.00156431
22  10.3  0.00135005
22  10.5  0.00116593
22  10.7  0.00100845
22  10.9  0.000873952
22  11.1  0.000758756
22  11.3  0.000659516
22  11.5  0.000574105
22  11.7  0.000500357
22  11.9  0.000436814
24  0.1  500.523
24  0.3  310.545
24  0.5  201.62
24  0.7  132.36
24  0.9  87.6384
24  1.1  58.5195
24  1.3  39.4343
24  1.5  26.8468
24  1.7  18.4619
24  1.9  12.8254
24  2.1  9.00345
24  2.3  6.38823
24  2.5  4.58061
24  2.7  3.318
24  2.9  2.42771
24  3.1  1.79367
24  3.3  1.33687
24  3.5  1.00527
24  3.7  0.76225
24  3.9  0.582626
24  4.1  0.448641
24  4.3  0.347886
24  4.5  0.271595
24  4.7  0.213283
24  4.9  0.16857
24  5.1  0.133972
24  5.3  0.107062
24  5.5  0.0859687
24  5.7  0.0693561
24  5.9  0.0562248
24  6.1  0.0457779
24  6.3  0.0374189
24  6.5  0.030703
24  6.7  0.0252887
24  6.9  0.0209001
24  7.1  0.0173533
24  7.3  0.0144412
24  7.5  0.0120537
24  7.7  0.0100923
24  7.9  0.00846088
24  8.1  0.00712168
24  8.3  0.00601002
24  8.5  0.00509044
24  8.7  0.00431619
24  8.9  0.00366929
24  9.1  0.0031262
24  9.3  0.00266987
24  9.5  0.00228414
24  9.7  0.00195566
24  9.9  0.00168158
24  10.1  0.00144523
24  10.3  0.00124706
24  10.5  0.00107678
24  10.7  0.00092976
24  10.9  0.000806965
24  11.1  0.000700385
24  11.3  0.00060884
24  11.5  0.000529878
24  11.7  0.000461795
24  11.9  0.00040305
26  0.1  473.004
26  0.3  293.28
26  0.5  190.292
26  0.7  124.718
26  0.9  82.3639
26  1.1  54.8504
26  1.3  36.8734
26  1.5  25.0316
26  1.7  17.1647
26  1.9  11.8917
26  2.1  8.32677
26  2.3  5.89477
26  2.5  4.21768
26  2.7  3.04933
26  2.9  2.22693
26  3.1  1.64271
26  3.3  1.22293
26  3.5  0.918445
26  3.7  0.695611
26  3.9  0.531163
26  4.1  0.408615
26  4.3  0.316595
26  4.5  0.246901
26  4.7  0.193785
26  4.9  0.153051
26  5.1  0.121566
26  5.3  0.0970877
26  5.5  0.0779166
26  5.7  0.0628272
26  5.9  0.0509051
26  6.1  0.0414286
26  6.3  0.0338492
26  6.5  0.027763
26  6.7  0.022858
26  6.9  0.0188844
26  7.1  0.0156746
26  7.3  0.0130393
26  7.5  0.0108805
26  7.7  0.00910654
26  7.9  0.00763157
26  8.1  0.00642189
26  8.3  0.00541784
26  8.5  0.00458755
26  8.7  0.0038887
26  8.9  0.00330493
26  9.1  0.00281519
26  9.3  0.0024036
26  9.5  0.00205572
26  9.7  0.00175989
26  9.9  0.00151117
26  10.1  0.00129996
26  10.3  0.00112146
26  10.5  0.000966607
26  10.7  0.000835887
26  10.9  0.000725266
26  11.1  0.000629377
26  11.3  0.00054705
26  11.5  0.000476104
26  11.7  0.00041482
26  11.9  0.000361992
28  0.1  436.935
28  0.3  270.683
28  0.5  175.35
28  0.7  114.704
28  0.9  75.5468
28  1.1  50.1565
28  1.3  33.5747
28  1.5  22.7041
28  1.7  15.5097
28  1.9  10.7065
28  2.1  7.47169
28  2.3  5.27339
28  2.5  3.76241
28  2.7  2.71342
28  2.9  1.97709
28  3.1  1.4555
28  3.3  1.08159
28  3.5  0.810899
28  3.7  0.6132
28  3.9  0.467634
28  4.1  0.35928
28  4.3  0.27802
28  4.5  0.2166
28  4.7  0.169846
28  4.9  0.134014
28  5.1  0.106352
28  5.3  0.08487
28  5.5  0.0680605
28  5.7  0.0548451
28  5.9  0.0444076
28  6.1  0.0361194
28  6.3  0.0294937
28  6.5  0.0241782
28  6.7  0.0198948
28  6.9  0.016427
28  7.1  0.0136283
28  7.3  0.0113324
28  7.5  0.00945138
28  7.7  0.00790693
28  7.9  0.00662387
28  8.1  0.00557138
28  8.3  0.00470398
28  8.5  0.00397671
28  8.7  0.00336929
28  8.9  0.00286269
28  9.1  0.0024377
28  9.3  0.00208045
28  9.5  0.00177903
28  9.7  0.00152413
28  9.9  0.00130829
28  10.1  0.00112362
28  10.3  0.000968197
28  10.5  0.000836339
28  10.7  0.000722333
28  10.9  0.000626256
28  11.1  0.000543275
28  11.3  0.000472171
28  11.5  0.000410815
28  11.7  0.000357903
28  11.9  0.000312252
30  0.1  390.377
30  0.3  241.471
30  0.5  156.226
30  0.7  101.864
30  0.9  66.8243
30  1.1  44.1359
30  1.3  29.4032
30  1.5  19.7791
30  1.7  13.4409
30  1.9  9.23407
30  2.1  6.41535
30  2.3  4.50939
30  2.5  3.20595
30  2.7  2.304
30  2.9  1.67372
30  3.1  1.22927
30  3.3  0.910944
30  3.5  0.681508
30  3.7  0.514352
30  3.9  0.391475
30  4.1  0.300262
30  4.3  0.231993
30  4.5  0.180558
30  4.7  0.141331
30  4.9  0.111383
30  5.1  0.0882979
30  5.3  0.0703824
30  5.5  0.056387
30  5.7  0.0453816
30  5.9  0.0367203
30  6.1  0.0298376
30  6.3  0.0243446
30  6.5  0.0199442
30  6.7  0.0163997
30  6.9  0.0135448
30  7.1  0.0112171
30  7.3  0.00932188
30  7.5  0.00777022
30  7.7  0.00649696
30  7.9  0.00544707
30  8.1  0.00457214
30  8.3  0.00385403
30  8.5  0.00325604
30  8.7  0.00276023
30  8.9  0.002344
30  9.1  0.00199522
30  9.3  0.00170179
30  9.5  0.00145464
30  9.7  0.00124573
30  9.9  0.00106874
30  10.1  0.000918771
30  10.3  0.000791206
30  10.5  0.000682588
30  10.7  0.000589787
30  10.9  0.000509962
30  11.1  0.000442203
30  11.3  0.000384762
30  11.5  0.000334756
30  11.7  0.000291538
30  11.9  0.000254235
32  0.1  333.129
32  0.3  205.762
32  0.5  132.729
32  0.7  86.2663
32  0.9  56.2711
32  1.1  36.9201
32  1.3  24.4223
32  1.5  16.3109
32  1.7  11.0058
32  1.9  7.51752
32  2.1  5.19279
32  2.3  3.63058
32  2.5  2.56859
32  2.7  1.83872
32  2.9  1.33073
32  3.1  0.973216
32  3.3  0.71925
32  3.5  0.536599
32  3.7  0.403911
32  3.9  0.30672
32  4.1  0.234743
32  4.3  0.18107
32  4.5  0.140575
32  4.7  0.109854
32  4.9  0.0864346
32  5.1  0.0684461
32  5.3  0.0544551
32  5.5  0.0435643
32  5.7  0.035026
32  5.9  0.028301
32  6.1  0.0229724
32  6.3  0.0187433
32  6.5  0.0153255
32  6.7  0.0125858
32  6.9  0.010375
32  7.1  0.00859211
32  7.3  0.00713314
32  7.5  0.00594165
32  7.7  0.004963
32  7.9  0.00415713
32  8.1  0.00349177
32  8.3  0.00294077
32  8.5  0.00248291
32  8.7  0.00210102
32  8.9  0.00178302
32  9.1  0.00151657
32  9.3  0.00129263
32  9.5  0.00110407
32  9.7  0.000944859
32  9.9  0.000810143
32  10.1  0.000696054
32  10.3  0.000598403
32  10.5  0.000516605
32  10.7  0.000445723
32  10.9  0.000386149
32  11.1  0.000334808
32  11.3  0.000290749
32  11.5  0.000252816
32  11.7  0.000220107
32  11.9  0.000191898
34  0.1  269.606
34  0.3  166.308
34  0.5  106.926
34  0.7  69.1038
34  0.9  44.7652
34  1.1  29.1517
34  1.3  19.1155
34  1.5  12.654
34  1.7  8.46557
34  1.9  5.73917
34  2.1  3.93482
34  2.3  2.73366
34  2.5  1.92346
34  2.7  1.36941
34  2.9  0.986254
34  3.1  0.718166
34  3.3  0.528652
34  3.5  0.392916
34  3.7  0.294776
34  3.9  0.223299
34  4.1  0.17034
34  4.3  0.131008
34  4.5  0.101473
34  4.7  0.0791556
34  4.9  0.062157
34  5.1  0.0491062
34  5.3  0.0390133
34  5.5  0.0311829
34  5.7  0.0250025
34  5.9  0.0201711
34  6.1  0.01635
34  6.3  0.0133216
34  6.5  0.0108854
34  6.7  0.00893051
34  6.9  0.00735331
34  7.1  0.00607038
34  7.3  0.00503465
34  7.5  0.00418883
34  7.7  0.00349567
34  7.9  0.00292675
34  8.1  0.00245619
34  8.3  0.00206673
34  8.5  0.0017429
34  8.7  0.00147353
34  8.9  0.00124933
34  9.1  0.00106159
34  9.3  0.000904157
34  9.5  0.000771591
34  9.7  0.000659838
34  9.9  0.000565365
34  10.1  0.000485392
34  10.3  0.000417537
34  10.5  0.000359753
34  10.7  0.000310518
34  10.9  0.000268576
34  11.1  0.000232726
34  11.3  0.000201961
34  11.5  0.000175524
34  11.7  0.000152763
34  11.9  0.000133092
