# fragmentation : LHAPDF (data/prompt-D0-1-109/prompt-D0-1-109_0085.dat, member 0, Q=1.5)
# channel       : An0n
#   dipole file dir       : data/Pb/mve/glauber_mve_<b>
#   pD0 loop             : 0.1 to 12.0 GeV, step 0.2
#   fixed rapidity y      : 2.0
# ============================================================
# b  pD0  dsigma_dyd2pD0
0  0.1  425.547
0  0.3  308.186
0  0.5  214.91
0  0.7  146.211
0  0.9  98.8454
0  1.1  66.9827
0  1.3  45.6681
0  1.5  31.4103
0  1.7  21.8087
0  1.9  15.2906
0  2.1  10.8286
0  2.3  7.74776
0  2.5  5.59801
0  2.7  4.08483
0  2.9  3.00915
0  3.1  2.23738
0  3.3  1.678
0  3.5  1.26864
0  3.7  0.967356
0  3.9  0.743152
0  4.1  0.575069
0  4.3  0.448018
0  4.5  0.351153
0  4.7  0.276987
0  4.9  0.219762
0  5.1  0.175332
0  5.3  0.140607
0  5.5  0.113319
0  5.7  0.0917386
0  5.9  0.0746143
0  6.1  0.0609435
0  6.3  0.049981
0  6.5  0.0411432
0  6.7  0.0339925
0  6.9  0.028204
0  7.1  0.0234613
0  7.3  0.0195809
0  7.5  0.0163918
0  7.7  0.0137624
0  7.9  0.0115732
0  8.1  0.00978062
0  8.3  0.00826636
0  8.5  0.00701229
0  8.7  0.00596182
0  8.9  0.00508871
0  9.1  0.00434713
0  9.3  0.00372128
0  9.5  0.00319204
0  9.7  0.00274356
0  9.9  0.00235937
0  10.1  0.0020379
0  10.3  0.00175783
0  10.5  0.0015242
0  10.7  0.00132136
0  10.9  0.00114768
0  11.1  0.000998417
0  11.3  0.000869871
0  11.5  0.000758933
0  11.7  0.000663032
0  11.9  0.000579936
2  0.1  425.206
2  0.3  307.938
2  0.5  214.734
2  0.7  146.157
2  0.9  98.7593
2  1.1  66.9216
2  1.3  45.6244
2  1.5  31.3788
2  1.7  21.7858
2  1.9  15.2739
2  2.1  10.8162
2  2.3  7.73867
2  2.5  5.59122
2  2.7  4.07975
2  2.9  3.00533
2  3.1  2.23448
2  3.3  1.67579
2  3.5  1.26694
2  3.7  0.966037
2  3.9  0.742127
2  4.1  0.574266
2  4.3  0.447385
2  4.5  0.350653
2  4.7  0.276588
2  4.9  0.219443
2  5.1  0.175076
2  5.3  0.140401
2  5.5  0.113152
2  5.7  0.0916029
2  5.9  0.0745025
2  6.1  0.060852
2  6.3  0.0499058
2  6.5  0.0410812
2  6.7  0.0339409
2  6.9  0.0281609
2  7.1  0.0234255
2  7.3  0.019551
2  7.5  0.0163667
2  7.7  0.0137413
2  7.9  0.0115554
2  8.1  0.00976555
2  8.3  0.00825358
2  8.5  0.00700144
2  8.7  0.0059525
2  8.9  0.00508074
2  9.1  0.00434024
2  9.3  0.00371535
2  9.5  0.00318696
2  9.7  0.00273919
2  9.9  0.00235559
2  10.1  0.00203461
2  10.3  0.00175498
2  10.5  0.00152176
2  10.7  0.00131924
2  10.9  0.00114586
2  11.1  0.000996787
2  11.3  0.000868463
2  11.5  0.000757706
2  11.7  0.000661961
2  11.9  0.000578989
4  0.1  424.168
4  0.3  307.181
4  0.5  214.2
4  0.7  145.781
4  0.9  98.4922
4  1.1  66.7371
4  1.3  45.492
4  1.5  31.2835
4  1.7  21.7171
4  1.9  15.2232
4  2.1  10.7791
4  2.3  7.71143
4  2.5  5.57092
4  2.7  4.06482
4  2.9  2.99404
4  3.1  2.22575
4  3.3  1.66909
4  3.5  1.26184
4  3.7  0.962
4  3.9  0.738995
4  4.1  0.571616
4  4.3  0.445458
4  4.5  0.349089
4  4.7  0.275378
4  4.9  0.218603
4  5.1  0.174401
4  5.3  0.139876
4  5.5  0.112719
4  5.7  0.0912867
4  5.9  0.0742832
4  6.1  0.0607207
4  6.3  0.0497748
4  6.5  0.0410159
4  6.7  0.0339089
4  6.9  0.0281184
4  7.1  0.0234024
4  7.3  0.0195463
4  7.5  0.0163738
4  7.7  0.013757
4  7.9  0.011608
4  8.1  0.00980741
4  8.3  0.00831363
4  8.5  0.00706045
4  8.7  0.00601513
4  8.9  0.00512886
4  9.1  0.00439402
4  9.3  0.00376866
4  9.5  0.00323827
4  9.7  0.00279325
4  9.9  0.00241154
4  10.1  0.00208686
4  10.3  0.0018101
4  10.5  0.00156943
4  10.7  0.00136725
4  10.9  0.00119354
4  11.1  0.00104381
4  11.3  0.000914331
4  11.5  0.00080322
4  11.7  0.000705904
4  11.9  0.00062245
6  0.1  422.443
6  0.3  305.923
6  0.5  213.312
6  0.7  145.162
6  0.9  98.0603
6  1.1  66.4255
6  1.3  45.2697
6  1.5  31.1231
6  1.7  21.6002
6  1.9  15.1382
6  2.1  10.7169
6  2.3  7.66507
6  2.5  5.53648
6  2.7  4.03894
6  2.9  2.97447
6  3.1  2.21107
6  3.3  1.65791
6  3.5  1.25322
6  3.7  0.955427
6  3.9  0.73388
6  4.1  0.567807
6  4.3  0.442303
6  4.5  0.346628
6  4.7  0.273389
6  4.9  0.216885
6  5.1  0.173023
6  5.3  0.138745
6  5.5  0.111807
6  5.7  0.0905074
6  5.9  0.0736063
6  6.1  0.0601179
6  6.3  0.0492994
6  6.5  0.0405803
6  6.7  0.0335266
6  6.9  0.0278155
6  7.1  0.0231368
6  7.3  0.0193089
6  7.5  0.0161625
6  7.7  0.0135692
6  7.9  0.0114228
6  8.1  0.00964303
6  8.3  0.00814966
6  8.5  0.0069228
6  8.7  0.0058774
6  8.9  0.00501738
6  9.1  0.004286
6  9.3  0.00366859
6  9.5  0.00314662
6  9.7  0.00270441
6  9.9  0.00232816
6  10.1  0.002006
6  10.3  0.00173532
6  10.5  0.00150225
6  10.7  0.00130266
6  10.9  0.00113142
6  11.1  0.000984286
6  11.3  0.000857488
6  11.5  0.000746914
6  11.7  0.000653369
6  11.9  0.000571475
8  0.1  419.951
8  0.3  304.109
8  0.5  212.032
8  0.7  144.262
8  0.9  97.4312
8  1.1  65.9809
8  1.3  44.9513
8  1.5  30.8935
8  1.7  21.4339
8  1.9  15.0167
8  2.1  10.6276
8  2.3  7.59914
8  2.5  5.48744
8  2.7  4.00221
8  2.9  2.9468
8  3.1  2.19008
8  3.3  1.64191
8  3.5  1.24094
8  3.7  0.945944
8  3.9  0.72651
8  4.1  0.562037
8  4.3  0.437752
8  4.5  0.343035
8  4.7  0.270526
8  4.9  0.214594
8  5.1  0.17118
8  5.3  0.137258
8  5.5  0.110603
8  5.7  0.0895259
8  5.9  0.0728049
8  6.1  0.0594579
8  6.3  0.0487566
8  6.5  0.0401309
8  6.7  0.0331528
8  6.9  0.027505
8  7.1  0.0228777
8  7.3  0.0190925
8  7.5  0.0159816
8  7.7  0.0134171
8  7.9  0.0112818
8  8.1  0.00953367
8  8.3  0.008057
8  8.5  0.0068341
8  8.7  0.00580986
8  8.9  0.00495893
8  9.1  0.00423598
8  9.3  0.00362595
8  9.5  0.0031101
8  9.7  0.002673
8  9.9  0.00229859
8  10.1  0.00198523
8  10.3  0.00171234
8  10.5  0.00148471
8  10.7  0.00128708
8  10.9  0.00111789
8  11.1  0.000972335
8  11.3  0.000847202
8  11.5  0.000739086
8  11.7  0.000645629
8  11.9  0.000564693
10  0.1  416.637
10  0.3  301.692
10  0.5  210.326
10  0.7  143.067
10  0.9  96.5943
10  1.1  65.3912
10  1.3  44.5293
10  1.5  30.5895
10  1.7  21.2138
10  1.9  14.8557
10  2.1  10.5095
10  2.3  7.51214
10  2.5  5.42278
10  2.7  3.954
10  2.9  2.90979
10  3.1  2.16247
10  3.3  1.62079
10  3.5  1.2248
10  3.7  0.933474
10  3.9  0.716783
10  4.1  0.554208
10  4.3  0.431794
10  4.5  0.338282
10  4.7  0.266807
10  4.9  0.211769
10  5.1  0.168908
10  5.3  0.135453
10  5.5  0.109164
10  5.7  0.0884262
10  5.9  0.0719449
10  6.1  0.0587667
10  6.3  0.0482012
10  6.5  0.0397122
10  6.7  0.0328239
10  6.9  0.0272347
10  7.1  0.022666
10  7.3  0.0189288
10  7.5  0.0158776
10  7.7  0.0133398
10  7.9  0.0112502
10  8.1  0.00950567
10  8.3  0.00805779
10  8.5  0.00685166
10  8.7  0.00583603
10  8.9  0.00498191
10  9.1  0.00426732
10  9.3  0.00366129
10  9.5  0.00315142
10  9.7  0.00271988
10  9.9  0.0023497
10  10.1  0.00203506
10  10.3  0.00176563
10  10.5  0.00153438
10  10.7  0.00133617
10  10.9  0.00116984
10  11.1  0.00102415
10  11.3  0.000898034
10  11.5  0.000789355
10  11.7  0.00069364
10  11.9  0.000612754
12  0.1  412.449
12  0.3  298.632
12  0.5  208.17
12  0.7  141.566
12  0.9  95.5383
12  1.1  64.6431
12  1.3  43.9945
12  1.5  30.2044
12  1.7  20.9346
12  1.9  14.6525
12  2.1  10.3603
12  2.3  7.40168
12  2.5  5.34086
12  2.7  3.89261
12  2.9  2.86435
12  3.1  2.12756
12  3.3  1.59424
12  3.5  1.20437
12  3.7  0.917702
12  3.9  0.704569
12  4.1  0.544868
12  4.3  0.424238
12  4.5  0.332344
12  4.7  0.262025
12  4.9  0.207799
12  5.1  0.165725
12  5.3  0.132855
12  5.5  0.107034
12  5.7  0.0866209
12  5.9  0.0704308
12  6.1  0.0575083
12  6.3  0.0471508
12  6.5  0.0388035
12  6.7  0.0320511
12  6.9  0.0265883
12  7.1  0.0221125
12  7.3  0.018452
12  7.5  0.0154437
12  7.7  0.0129643
12  7.9  0.0109
12  8.1  0.00921037
12  8.3  0.00778281
12  8.5  0.00660083
12  8.7  0.00561113
12  8.9  0.00478899
12  9.1  0.00409028
12  9.3  0.00350095
12  9.5  0.00300271
12  9.7  0.00258047
12  9.9  0.00221883
12  10.1  0.00191629
12  10.3  0.0016527
12  10.5  0.00143295
12  10.7  0.00124209
12  10.9  0.00107873
12  11.1  0.000938248
12  11.3  0.000817419
12  11.5  0.000713076
12  11.7  0.000622856
12  11.9  0.000544761
14  0.1  407.224
14  0.3  294.818
14  0.5  205.481
14  0.7  139.692
14  0.9  94.223
14  1.1  63.7124
14  1.3  43.3296
14  1.5  29.726
14  1.7  20.5887
14  1.9  14.4006
14  2.1  10.1754
14  2.3  7.26552
14  2.5  5.23987
14  2.7  3.81713
14  2.9  2.8076
14  3.1  2.08458
14  3.3  1.56149
14  3.5  1.17926
14  3.7  0.898321
14  3.9  0.689513
14  4.1  0.533093
14  4.3  0.414978
14  4.5  0.32502
14  4.7  0.256201
14  4.9  0.203146
14  5.1  0.161989
14  5.3  0.129842
14  5.5  0.104593
14  5.7  0.0846779
14  5.9  0.0688081
14  6.1  0.0561756
14  6.3  0.0460549
14  6.5  0.0378971
14  6.7  0.0312992
14  6.9  0.0259621
14  7.1  0.0215897
14  7.3  0.0180135
14  7.5  0.0150756
14  7.7  0.0126543
14  7.9  0.0106504
14  8.1  0.00898876
14  8.3  0.00759492
14  8.5  0.00644107
14  8.7  0.00547494
14  8.9  0.00467258
14  9.1  0.00399062
14  9.3  0.0034155
14  9.5  0.00292927
14  9.7  0.00251721
14  9.9  0.00216432
14  10.1  0.00186909
14  10.3  0.00161189
14  10.5  0.00139751
14  10.7  0.00121132
14  10.9  0.00105188
14  11.1  0.000914917
14  11.3  0.000797083
14  11.5  0.000695287
14  11.7  0.000607215
14  11.9  0.000531091
16  0.1  400.787
16  0.3  290.125
16  0.5  202.173
16  0.7  137.309
16  0.9  92.6034
16  1.1  62.5698
16  1.3  42.5141
16  1.5  29.14
16  1.7  20.1651
16  1.9  14.0924
16  2.1  9.94982
16  2.3  7.09928
16  2.5  5.11674
16  2.7  3.72523
16  2.9  2.7386
16  3.1  2.03235
16  3.3  1.52132
16  3.5  1.14878
16  3.7  0.874813
16  3.9  0.671254
16  4.1  0.518819
16  4.3  0.403758
16  4.5  0.316152
16  4.7  0.249152
16  4.9  0.197517
16  5.1  0.157468
16  5.3  0.126197
16  5.5  0.101639
16  5.7  0.0822706
16  5.9  0.0668411
16  6.1  0.0545611
16  6.3  0.0447232
16  6.5  0.0367972
16  6.7  0.0303873
16  6.9  0.0252031
16  7.1  0.020956
16  7.3  0.017483
16  7.5  0.0146302
16  7.7  0.0122792
16  7.9  0.0103336
16  8.1  0.00872081
16  8.3  0.00736764
16  8.5  0.00624776
16  8.7  0.00531022
16  8.9  0.00453169
16  9.1  0.00386992
16  9.3  0.00331197
16  9.5  0.00284043
16  9.7  0.00244061
16  9.9  0.00209836
16  10.1  0.00181198
16  10.3  0.00156252
16  10.5  0.00135465
16  10.7  0.00117409
16  10.9  0.00101953
16  11.1  0.000886731
16  11.3  0.000772513
16  11.5  0.000673799
16  11.7  0.000588469
16  11.9  0.000514643
18  0.1  392.883
18  0.3  284.363
18  0.5  198.111
18  0.7  134.548
18  0.9  90.6228
18  1.1  61.1691
18  1.3  41.517
18  1.5  28.4278
18  1.7  19.6484
18  1.9  13.7174
18  2.1  9.67577
18  2.3  6.89743
18  2.5  4.96743
18  2.7  3.61386
18  2.9  2.65505
18  3.1  1.96912
18  3.3  1.4732
18  3.5  1.11193
18  3.7  0.846396
18  3.9  0.649199
18  4.1  0.501596
18  4.3  0.39021
18  4.5  0.305447
18  4.7  0.240645
18  4.9  0.190723
18  5.1  0.152016
18  5.3  0.1218
18  5.5  0.0981128
18  5.7  0.0793722
18  5.9  0.0644746
18  6.1  0.0526205
18  6.3  0.0431255
18  6.5  0.0354771
18  6.7  0.0292923
18  6.9  0.0242917
18  7.1  0.0201959
18  7.3  0.0168464
18  7.5  0.0140955
18  7.7  0.0118292
18  7.9  0.00995371
18  8.1  0.00839934
18  8.3  0.00709517
18  8.5  0.00601613
18  8.7  0.00512031
18  8.9  0.00436299
18  9.1  0.00372551
18  9.3  0.00318816
18  9.5  0.00273384
18  9.7  0.00234884
18  9.9  0.0020193
18  10.1  0.00174353
18  10.3  0.00150344
18  10.5  0.00130333
18  10.7  0.00112948
18  10.9  0.000980771
18  11.1  0.000852943
18  11.3  0.000743025
18  11.5  0.000648033
18  11.7  0.000565934
18  11.9  0.000494893
20  0.1  383.134
20  0.3  277.254
20  0.5  193.094
20  0.7  131.047
20  0.9  88.183
20  1.1  59.4227
20  1.3  40.3006
20  1.5  27.5509
20  1.7  19.016
20  1.9  13.2593
20  2.1  9.3416
20  2.3  6.65192
20  2.5  4.78594
20  2.7  3.47867
20  2.9  2.55362
20  3.1  1.89252
20  3.3  1.41501
20  3.5  1.06739
20  3.7  0.812066
20  3.9  0.622579
20  4.1  0.480805
20  4.3  0.373871
20  4.5  0.29254
20  4.7  0.230394
20  4.9  0.182542
20  5.1  0.145452
20  5.3  0.11651
20  5.5  0.0938276
20  5.7  0.0758862
20  5.9  0.0616285
20  6.1  0.0502861
20  6.3  0.0412033
20  6.5  0.0339146
20  6.7  0.0279763
20  6.9  0.023196
20  7.1  0.0192816
20  7.3  0.0160815
20  7.5  0.0134537
20  7.7  0.0112887
20  7.9  0.0094976
20  8.1  0.00801329
20  8.3  0.00676827
20  8.5  0.00573805
20  8.7  0.00488308
20  8.9  0.00415994
20  9.1  0.00355209
20  9.3  0.00303942
20  9.5  0.00260615
20  9.7  0.00223895
20  9.9  0.0019243
20  10.1  0.00166153
20  10.3  0.00143518
20  10.5  0.00124174
20  10.7  0.00107602
20  10.9  0.000934377
20  11.1  0.000812324
20  11.3  0.000707411
20  11.5  0.000617058
20  11.7  0.000538956
20  11.9  0.000471358
22  0.1  370.96
22  0.3  268.391
22  0.5  186.827
22  0.7  126.622
22  0.9  85.1312
22  1.1  57.2797
22  1.3  38.7808
22  1.5  26.4661
22  1.7  18.2351
22  1.9  12.6949
22  2.1  8.93065
22  2.3  6.35051
22  2.5  4.56355
22  2.7  3.31328
22  2.9  2.42967
22  3.1  1.79907
22  3.3  1.34406
22  3.5  1.01312
22  3.7  0.770251
22  3.9  0.590206
22  4.1  0.455542
22  4.3  0.353937
22  4.5  0.276898
22  4.7  0.217937
22  4.9  0.172623
22  5.1  0.137497
22  5.3  0.110099
22  5.5  0.0886002
22  5.7  0.0716663
22  5.9  0.0581823
22  6.1  0.0474615
22  6.3  0.0388777
22  6.5  0.0319928
22  6.7  0.0263859
22  6.9  0.0218733
22  7.1  0.0181781
22  7.3  0.0151578
22  7.5  0.0126778
22  7.7  0.010635
22  7.9  0.00894715
22  8.1  0.00754675
22  8.3  0.00637364
22  8.5  0.00540993
22  8.7  0.00459732
22  8.9  0.00391568
22  9.1  0.00334285
22  9.3  0.00286021
22  9.5  0.00245195
22  9.7  0.00210366
22  9.9  0.00181027
22  10.1  0.0015605
22  10.3  0.00134953
22  10.5  0.00116755
22  10.7  0.00101174
22  10.9  0.000878352
22  11.1  0.00076379
22  11.3  0.000665052
22  11.5  0.000579872
22  11.7  0.000506436
22  11.9  0.000442835
24  0.1  355.486
24  0.3  257.136
24  0.5  178.88
24  0.7  121.098
24  0.9  81.2666
24  1.1  54.5763
24  1.3  36.8669
24  1.5  25.1048
24  1.7  17.2607
24  1.9  11.9908
24  2.1  8.41933
24  2.3  5.9765
24  2.5  4.28818
24  2.7  3.10886
24  2.9  2.27682
24  3.1  1.68396
24  3.3  1.2568
24  3.5  0.946452
24  3.7  0.718943
24  3.9  0.550456
24  4.1  0.424591
24  4.3  0.329635
24  4.5  0.257701
24  4.7  0.202765
24  4.9  0.160529
24  5.1  0.127783
24  5.3  0.102274
24  5.5  0.0822709
24  5.7  0.0665212
24  5.9  0.0539819
24  6.1  0.0440202
24  6.3  0.0360468
24  6.5  0.0296301
24  6.7  0.0244493
24  6.9  0.020263
24  7.1  0.0168334
24  7.3  0.0140338
24  7.5  0.011735
24  7.7  0.00984261
24  7.9  0.00827777
24  8.1  0.00698088
24  8.3  0.00589371
24  8.5  0.00500223
24  8.7  0.00424916
24  8.9  0.00361901
24  9.1  0.00308902
24  9.3  0.0026425
24  9.5  0.00226507
24  9.7  0.00194521
24  9.9  0.00167176
24  10.1  0.00144274
24  10.3  0.00124584
24  10.5  0.00107753
24  10.7  0.00093358
24  10.9  0.000810474
24  11.1  0.000704546
24  11.3  0.000613474
24  11.5  0.000534905
24  11.7  0.000467127
24  11.9  0.000408306
26  0.1  335.454
26  0.3  242.567
26  0.5  168.595
26  0.7  113.956
26  0.9  76.3223
26  1.1  51.107
26  1.3  34.4143
26  1.5  23.3707
26  1.7  16.0226
26  1.9  11.1012
26  2.1  7.77499
26  2.3  5.50673
26  2.5  3.9431
26  2.7  2.85345
26  2.9  2.08624
26  3.1  1.54072
26  3.3  1.14836
26  3.5  0.864079
26  3.7  0.655404
26  3.9  0.501261
26  4.1  0.386262
26  4.3  0.299672
26  4.5  0.234075
26  4.7  0.184035
26  4.9  0.145584
26  5.1  0.115834
26  5.3  0.0926505
26  5.5  0.0744808
26  5.7  0.0601533
26  5.9  0.0488157
26  6.1  0.0398185
26  6.3  0.0325739
26  6.5  0.0267627
26  6.7  0.0220918
26  6.9  0.0182822
26  7.1  0.0151827
26  7.3  0.0126553
26  7.5  0.0105699
26  7.7  0.00886837
26  7.9  0.00745807
26  8.1  0.00628678
26  8.3  0.00531268
26  8.5  0.00450133
26  8.7  0.00381827
26  8.9  0.00325204
26  9.1  0.00277492
26  9.3  0.00237322
26  9.5  0.00203363
26  9.7  0.00174806
26  9.9  0.00150159
26  10.1  0.00129739
26  10.3  0.00111801
26  10.5  0.000966589
26  10.7  0.000839316
26  10.9  0.000729045
26  11.1  0.000633379
26  11.3  0.000552507
26  11.5  0.000481531
26  11.7  0.000421084
26  11.9  0.000368417
28  0.1  309.23
28  0.3  223.517
28  0.5  155.169
28  0.7  104.727
28  0.9  69.8753
28  1.1  46.606
28  1.3  31.2658
28  1.5  21.1488
28  1.7  14.4425
28  1.9  9.97296
28  2.1  6.96172
28  2.3  4.91604
28  2.5  3.51062
28  2.7  2.53427
28  2.9  1.84879
28  3.1  1.36287
28  3.3  1.01411
28  3.5  0.761647
28  3.7  0.576874
28  3.9  0.440598
28  4.1  0.339107
28  4.3  0.262747
28  4.5  0.205013
28  4.7  0.161081
28  4.9  0.127282
28  5.1  0.101181
28  5.3  0.0808681
28  5.5  0.0649643
28  5.7  0.0524728
28  5.9  0.0425265
28  6.1  0.03464
28  6.3  0.0283372
28  6.5  0.0232699
28  6.7  0.0191837
28  6.9  0.0158832
28  7.1  0.0131842
28  7.3  0.0109826
28  7.5  0.0091767
28  7.7  0.00769071
28  7.9  0.0064639
28  8.1  0.00544687
28  8.3  0.00459528
28  8.5  0.00389774
28  8.7  0.00330898
28  8.9  0.00281637
28  9.1  0.0024027
28  9.3  0.00205424
28  9.5  0.00175972
28  9.7  0.00151048
28  9.9  0.00129905
28  10.1  0.00111918
28  10.3  0.000965943
28  10.5  0.000835077
28  10.7  0.000723143
28  10.9  0.000627447
28  11.1  0.000545305
28  11.3  0.000474611
28  11.5  0.000413686
28  11.7  0.000361017
28  11.9  0.000315538
30  0.1  275.404
30  0.3  198.912
30  0.5  137.898
30  0.7  92.8058
30  0.9  61.6399
30  1.1  40.9596
30  1.3  27.3255
30  1.5  18.3924
30  1.7  12.4907
30  1.9  8.57908
30  2.1  5.9643
30  2.3  4.19617
30  2.5  2.99011
30  2.7  2.15347
30  2.9  1.56851
30  3.1  1.15529
30  3.3  0.859247
30  3.5  0.645374
30  3.7  0.488901
30  3.9  0.370934
30  4.1  0.283864
30  4.3  0.218996
30  4.5  0.170496
30  4.7  0.133705
30  4.9  0.105543
30  5.1  0.0838066
30  5.3  0.0669379
30  5.5  0.0536911
30  5.7  0.0433039
30  5.9  0.0350833
30  6.1  0.0285567
30  6.3  0.0233367
30  6.5  0.0191669
30  6.7  0.0157782
30  6.9  0.0130522
30  7.1  0.0108268
30  7.3  0.00901283
30  7.5  0.00752697
30  7.7  0.00630534
30  7.9  0.00529549
30  8.1  0.00445963
30  8.3  0.0037604
30  8.5  0.00318743
30  8.7  0.00270466
30  8.9  0.00230101
30  9.1  0.00196219
30  9.3  0.00167692
30  9.5  0.00143587
30  9.7  0.00123204
30  9.9  0.00105907
30  10.1  0.000912076
30  10.3  0.000786909
30  10.5  0.000680014
30  10.7  0.00058877
30  10.9  0.000510635
30  11.1  0.000443616
30  11.3  0.000385932
30  11.5  0.00033624
30  11.7  0.000293404
30  11.9  0.000256334
32  0.1  233.699
32  0.3  168.706
32  0.5  116.724
32  0.7  78.1548
32  0.9  51.6394
32  1.1  34.0717
32  1.3  22.5541
32  1.5  15.0623
32  1.7  10.1673
32  1.9  6.9453
32  2.1  4.8009
32  2.3  3.35867
32  2.5  2.37916
32  2.7  1.70487
32  2.9  1.23545
32  3.1  0.905344
32  3.3  0.67008
32  3.5  0.500685
32  3.7  0.377335
32  3.9  0.286992
32  4.1  0.220029
32  4.3  0.169929
32  4.5  0.132158
32  4.7  0.103491
32  4.9  0.0815972
32  5.1  0.0646907
32  5.3  0.0515901
32  5.5  0.041353
32  5.7  0.0332748
32  5.9  0.0269311
32  6.1  0.0218967
32  6.3  0.0178787
32  6.5  0.0146684
32  6.7  0.012059
32  6.9  0.00996982
32  7.1  0.00826115
32  7.3  0.00687165
32  7.5  0.00573404
32  7.7  0.00479897
32  7.9  0.00402713
32  8.1  0.00338928
32  8.3  0.00285989
32  8.5  0.00241908
32  8.7  0.00205114
32  8.9  0.00174392
32  9.1  0.00148635
32  9.3  0.00126955
32  9.5  0.00108627
32  9.7  0.000931499
32  9.9  0.000800314
32  10.1  0.000688898
32  10.3  0.000594028
32  10.5  0.000513075
32  10.7  0.000443939
32  10.9  0.000384913
32  11.1  0.000334241
32  11.3  0.00029061
32  11.5  0.00025311
32  11.7  0.000220748
32  11.9  0.000192788
