# fragmentation : Kniehl & Kramer, evolved (scale=2*mt0=3.00666)
# target        : AA (sqrt(s_NN) = 5360 GeV)
# channel       : An0n
# flux          : TABLE (input/Starlight_photon_flux/flux_WS_An0n.dat)
#   generated             : 2026-10-04 19:28:38 EEST
#   flux_model            : TABLE
#   calls                 : 2e5 (VEGAS calls per point)
#   dipole file dir       : data/Pb/mve/glauber_mve_<b_d>
#   pD0 loop             : 0.1 0.3 0.5 0.7 0.9 1.1 1.3 1.5 1.7 1.9 2.1 2.3 2.5 2.7 2.9 3.1 3.3 3.5 3.7 3.9 4.1 4.3 4.5 4.7 4.9 5.1 5.3 5.5 5.7 5.9 6.1 6.3 6.5 6.7 6.9 7.1 7.3 7.5 7.7 7.9 8.1 8.3 8.5 8.7 8.9 9.1 9.3 9.5 9.7 9.9 10.1 10.3 10.5 10.7 10.9 11.1 11.3 11.5 11.7 11.9
#   fixed rapidity y      : 1.5
# ============================================================
# b_d  pD0  dsigma_dyd2pD0
0  0.1  1387.77
0  0.3  684.374
0  0.5  408.773
0  0.7  257.235
0  0.9  166.374
0  1.1  109.654
0  1.3  73.3446
0  1.5  49.7511
0  1.7  34.1694
0  1.9  23.7575
0  2.1  16.7278
0  2.3  11.9173
0  2.5  8.58728
0  2.7  6.26057
0  2.9  4.61261
0  3.1  3.43586
0  3.3  2.58252
0  3.5  1.96161
0  3.7  1.50227
0  3.9  1.16031
0  4.1  0.903432
0  4.3  0.708602
0  4.5  0.560023
0  4.7  0.445534
0  4.9  0.356478
0  5.1  0.287052
0  5.3  0.232505
0  5.5  0.189282
0  5.7  0.154841
0  5.9  0.12736
0  6.1  0.105193
0  6.3  0.0872206
0  6.5  0.0726458
0  6.7  0.0607726
0  6.9  0.0510192
0  7.1  0.0429668
0  7.3  0.0363063
0  7.5  0.0307925
0  7.7  0.0261952
0  7.9  0.0223439
0  8.1  0.0191154
0  8.3  0.0163947
0  8.5  0.0141054
0  8.7  0.012166
0  8.9  0.0105158
0  9.1  0.00910912
0  9.3  0.00790749
0  9.5  0.00688059
0  9.7  0.00600016
0  9.9  0.00524461
0  10.1  0.00459153
0  10.3  0.00402689
0  10.5  0.00353773
0  10.7  0.00311407
0  10.9  0.00274666
0  11.1  0.00242591
0  11.3  0.00214382
0  11.5  0.00189927
0  11.7  0.00168485
0  11.9  0.00149656
2  0.1  1386.59
2  0.3  683.777
2  0.5  408.41
2  0.7  257.124
2  0.9  166.216
2  1.1  109.545
2  1.3  73.2684
2  1.5  49.6969
2  1.7  34.1305
2  1.9  23.7293
2  2.1  16.7073
2  2.3  11.9021
2  2.5  8.57614
2  2.7  6.25225
2  2.9  4.60637
2  3.1  3.43113
2  3.3  2.57889
2  3.5  1.95883
2  3.7  1.50012
2  3.9  1.15863
2  4.1  0.90211
2  4.3  0.707556
2  4.5  0.55919
2  4.7  0.44487
2  4.9  0.355941
2  5.1  0.286617
2  5.3  0.232148
2  5.5  0.188989
2  5.7  0.154601
2  5.9  0.12716
2  6.1  0.105028
2  6.3  0.0870843
2  6.5  0.0725325
2  6.7  0.0606771
2  6.9  0.0509389
2  7.1  0.0428991
2  7.3  0.0362474
2  7.5  0.0307426
2  7.7  0.0261524
2  7.9  0.0223075
2  8.1  0.0190854
2  8.3  0.0163685
2  8.5  0.0140827
2  8.7  0.0121464
2  8.9  0.0104987
2  9.1  0.00909422
2  9.3  0.00789438
2  9.5  0.00686903
2  9.7  0.0059901
2  9.9  0.00523568
2  10.1  0.00458381
2  10.3  0.00402005
2  10.5  0.00353161
2  10.7  0.00310887
2  10.9  0.00274189
2  11.1  0.00242163
2  11.3  0.00214012
2  11.5  0.00189595
2  11.7  0.00168194
2  11.9  0.00149396
4  0.1  1383.02
4  0.3  681.969
4  0.5  407.317
4  0.7  256.291
4  0.9  165.737
4  1.1  109.206
4  1.3  73.038
4  1.5  49.5339
4  1.7  34.0134
4  1.9  23.6428
4  2.1  16.6426
4  2.3  11.8578
4  2.5  8.54391
4  2.7  6.2282
4  2.9  4.58822
4  3.1  3.41818
4  3.3  2.56981
4  3.5  1.95194
4  3.7  1.495
4  3.9  1.1554
4  4.1  0.900209
4  4.3  0.706174
4  4.5  0.558508
4  4.7  0.444765
4  4.9  0.356283
4  5.1  0.287191
4  5.3  0.232874
4  5.5  0.189964
4  5.7  0.15573
4  5.9  0.12826
4  6.1  0.10619
4  6.3  0.0883015
4  6.5  0.0737488
4  6.7  0.0619378
4  6.9  0.0521677
4  7.1  0.0441591
4  7.3  0.0375122
4  7.5  0.0319841
4  7.7  0.0273095
4  7.9  0.0234091
4  8.1  0.0199061
4  8.3  0.0169347
4  8.5  0.0144503
4  8.7  0.0123536
4  8.9  0.0106006
4  9.1  0.00912076
4  9.3  0.00787046
4  9.5  0.00683521
4  9.7  0.00596101
4  9.9  0.00521003
4  10.1  0.00456039
4  10.3  0.0040001
4  10.5  0.00351412
4  10.7  0.0030933
4  10.9  0.00272794
4  11.1  0.0024096
4  11.3  0.00212944
4  11.5  0.00188646
4  11.7  0.00167348
4  11.9  0.00148648
6  0.1  1377.01
6  0.3  678.695
6  0.5  405.47
6  0.7  255.091
6  0.9  164.934
6  1.1  108.66
6  1.3  72.6507
6  1.5  49.2584
6  1.7  33.8154
6  1.9  23.5018
6  2.1  16.5419
6  2.3  11.7805
6  2.5  8.4858
6  2.7  6.18506
6  2.9  4.55587
6  3.1  3.39286
6  3.3  2.54976
6  3.5  1.93629
6  3.7  1.48271
6  3.9  1.14506
6  4.1  0.891497
6  4.3  0.699126
6  4.5  0.552517
6  4.7  0.439472
6  4.9  0.351557
6  5.1  0.283082
6  5.3  0.229297
6  5.5  0.186648
6  5.7  0.152676
6  5.9  0.125573
6  6.1  0.103705
6  6.3  0.0859932
6  6.5  0.071618
6  6.7  0.0599103
6  6.9  0.0502831
6  7.1  0.0423557
6  7.3  0.0357874
6  7.5  0.0303532
6  7.7  0.0258156
6  7.9  0.0219983
6  8.1  0.0188339
6  8.3  0.0161531
6  8.5  0.0138986
6  8.7  0.0119871
6  8.9  0.0103613
6  9.1  0.00897542
6  9.3  0.00779108
6  9.5  0.00677819
6  9.7  0.00591112
6  9.9  0.00516643
6  10.1  0.00452262
6  10.3  0.00396656
6  10.5  0.00348466
6  10.7  0.00306739
6  10.9  0.00270503
6  11.1  0.00238934
6  11.3  0.00211149
6  11.5  0.00187054
6  11.7  0.00165943
6  11.9  0.00147397
8  0.1  1368.42
8  0.3  674.359
8  0.5  402.834
8  0.7  253.383
8  0.9  163.783
8  1.1  107.87
8  1.3  72.0953
8  1.5  48.8647
8  1.7  33.5327
8  1.9  23.298
8  2.1  16.3934
8  2.3  11.6715
8  2.5  8.40648
8  2.7  6.125
8  2.9  4.51079
8  3.1  3.35874
8  3.3  2.52359
8  3.5  1.9164
8  3.7  1.46714
8  3.9  1.13288
8  4.1  0.881888
8  4.3  0.691543
8  4.5  0.546473
8  4.7  0.434654
8  4.9  0.347709
8  5.1  0.279934
8  5.3  0.226721
8  5.5  0.184553
8  5.7  0.150952
8  5.9  0.124147
8  6.1  0.102528
8  6.3  0.0850035
8  6.5  0.0707923
8  6.7  0.0592162
8  6.9  0.0497076
8  7.1  0.0418584
8  7.3  0.0353664
8  7.5  0.0299934
8  7.7  0.0255123
8  7.9  0.0217612
8  8.1  0.0186157
8  8.3  0.015966
8  8.5  0.013735
8  8.7  0.0118461
8  8.9  0.0102386
8  9.1  0.00886848
8  9.3  0.00769826
8  9.5  0.00669795
8  9.7  0.00584096
8  9.9  0.0051051
8  10.1  0.00446898
8  10.3  0.00391923
8  10.5  0.00344313
8  10.7  0.00303064
8  10.9  0.00267292
8  11.1  0.00236067
8  11.3  0.00208611
8  11.5  0.00184803
8  11.7  0.00163939
8  11.9  0.00145607
10  0.1  1357.07
10  0.3  668.605
10  0.5  399.347
10  0.7  251.115
10  0.9  162.26
10  1.1  106.795
10  1.3  71.361
10  1.5  48.3446
10  1.7  33.1604
10  1.9  23.0269
10  2.1  16.1953
10  2.3  11.5283
10  2.5  8.3013
10  2.7  6.04767
10  2.9  4.4532
10  3.1  3.31614
10  3.3  2.4921
10  3.5  1.89225
10  3.7  1.44928
10  3.9  1.12
10  4.1  0.871947
10  4.3  0.684295
10  4.5  0.541168
10  4.7  0.431122
10  4.9  0.345163
10  5.1  0.278348
10  5.3  0.225715
10  5.5  0.184232
10  5.7  0.151105
10  5.9  0.124515
10  6.1  0.103146
10  6.3  0.0857604
10  6.5  0.0717359
10  6.7  0.0602826
10  6.9  0.0508376
10  7.1  0.0430187
10  7.3  0.0365531
10  7.5  0.0312303
10  7.7  0.0267383
10  7.9  0.0229144
10  8.1  0.0194456
10  8.3  0.0165219
10  8.5  0.0140906
10  8.7  0.0120238
10  8.9  0.0102782
10  9.1  0.00882831
10  9.3  0.00759976
10  9.5  0.00659349
10  9.7  0.00574807
10  9.9  0.00502368
10  10.1  0.00439724
10  10.3  0.00385657
10  10.5  0.00338802
10  10.7  0.00298197
10  10.9  0.00262997
10  11.1  0.00232267
10  11.3  0.00205244
10  11.5  0.00181811
10  11.7  0.00161277
10  11.9  0.00143243
12  0.1  1342.65
12  0.3  661.319
12  0.5  394.897
12  0.7  248.23
12  0.9  160.326
12  1.1  105.481
12  1.3  70.4293
12  1.5  47.6855
12  1.7  32.6875
12  1.9  22.6883
12  2.1  15.9502
12  2.3  11.3464
12  2.5  8.16599
12  2.7  5.946
12  2.9  4.37646
12  3.1  3.25703
12  3.3  2.44599
12  3.5  1.85674
12  3.7  1.42094
12  3.9  1.09679
12  4.1  0.853558
12  4.3  0.669129
12  4.5  0.528646
12  4.7  0.42037
12  4.9  0.336206
12  5.1  0.270626
12  5.3  0.219132
12  5.5  0.178337
12  5.7  0.145857
12  5.9  0.119929
12  6.1  0.099032
12  6.3  0.0820926
12  6.5  0.0683583
12  6.7  0.0571713
12  6.9  0.0479867
12  7.1  0.040407
12  7.3  0.0341347
12  7.5  0.0289458
12  7.7  0.0246192
12  7.9  0.0209958
12  8.1  0.0179607
12  8.3  0.0154032
12  8.5  0.0132493
12  8.7  0.0114268
12  8.9  0.00987503
12  9.1  0.00855312
12  9.3  0.00742366
12  9.5  0.0064588
12  9.7  0.0056315
12  9.9  0.00492165
12  10.1  0.00430803
12  10.3  0.00377806
12  10.5  0.00331893
12  10.7  0.00292109
12  10.9  0.00257621
12  11.1  0.00227517
12  11.3  0.00201031
12  11.5  0.00178081
12  11.7  0.00157962
12  11.9  0.00140289
14  0.1  1324.71
14  0.3  652.242
14  0.5  389.371
14  0.7  244.648
14  0.9  157.925
14  1.1  103.826
14  1.3  69.2748
14  1.5  46.8695
14  1.7  32.1037
14  1.9  22.2677
14  2.1  15.6448
14  2.3  11.1227
14  2.5  8.00055
14  2.7  5.82301
14  2.9  4.28419
14  3.1  3.18728
14  3.3  2.39282
14  3.5  1.81584
14  3.7  1.38932
14  3.9  1.07211
14  4.1  0.834173
14  4.3  0.653787
14  4.5  0.516436
14  4.7  0.410586
14  4.9  0.328327
14  5.1  0.264247
14  5.3  0.213939
14  5.5  0.174093
14  5.7  0.142366
14  5.9  0.117044
14  6.1  0.0966421
14  6.3  0.0801033
14  6.5  0.0666949
14  6.7  0.0557764
14  6.9  0.0468124
14  7.1  0.0394166
14  7.3  0.0332929
14  7.5  0.0282297
14  7.7  0.0240094
14  7.9  0.0204742
14  8.1  0.0175122
14  8.3  0.0150177
14  8.5  0.0129175
14  8.7  0.01114
14  8.9  0.00962653
14  9.1  0.0083376
14  9.3  0.00723636
14  9.5  0.00629598
14  9.7  0.0054892
14  9.9  0.00479679
14  10.1  0.00419878
14  10.3  0.00368196
14  10.5  0.00323435
14  10.7  0.00284647
14  10.9  0.00251025
14  11.1  0.00221682
14  11.3  0.00195862
14  11.5  0.00173493
14  11.7  0.0015388
14  11.9  0.0013666
16  0.1  1302.45
16  0.3  641.067
16  0.5  382.576
16  0.7  240.246
16  0.9  154.984
16  1.1  101.801
16  1.3  67.8622
16  1.5  45.8723
16  1.7  31.3911
16  1.9  21.7549
16  2.1  15.2728
16  2.3  10.8503
16  2.5  7.79959
16  2.7  5.67367
16  2.9  4.17226
16  3.1  3.10268
16  3.3  2.32824
16  3.5  1.76622
16  3.7  1.35091
16  3.9  1.04215
16  4.1  0.810669
16  4.3  0.635194
16  4.5  0.501656
16  4.7  0.398743
16  4.9  0.318792
16  5.1  0.256521
16  5.3  0.207652
16  5.5  0.168955
16  5.7  0.138145
16  5.9  0.113556
16  6.1  0.0937525
16  6.3  0.0776977
16  6.5  0.0646858
16  6.7  0.0540914
16  6.9  0.0453912
16  7.1  0.0382168
16  7.3  0.0322771
16  7.5  0.0273649
16  7.7  0.0232716
16  7.9  0.019844
16  8.1  0.0169719
16  8.3  0.0145525
16  8.5  0.0125168
16  8.7  0.0107939
16  8.9  0.00932649
16  9.1  0.00807697
16  9.3  0.00700921
16  9.5  0.0060974
16  9.7  0.00531625
16  9.9  0.00464556
16  10.1  0.00406671
16  10.3  0.00356569
16  10.5  0.003132
16  10.7  0.00275637
16  10.9  0.0024307
16  11.1  0.00214661
16  11.3  0.00189642
16  11.5  0.00167978
16  11.7  0.00148978
16  11.9  0.00132293
18  0.1  1275.3
18  0.3  627.565
18  0.5  374.251
18  0.7  234.86
18  0.9  151.409
18  1.1  99.3283
18  1.3  66.139
18  1.5  44.6566
18  1.7  30.524
18  1.9  21.1322
18  2.1  14.8214
18  2.3  10.5202
18  2.5  7.55638
18  2.7  5.49296
18  2.9  4.03696
18  3.1  3.00038
18  3.3  2.25034
18  3.5  1.70644
18  3.7  1.30467
18  3.9  1.00613
18  4.1  0.782382
18  4.3  0.612848
18  4.5  0.483872
18  4.7  0.384513
18  4.9  0.307335
18  5.1  0.247254
18  5.3  0.20011
18  5.5  0.162803
18  5.7  0.133075
18  5.9  0.109371
18  6.1  0.0902831
18  6.3  0.0748137
18  6.5  0.0622741
18  6.7  0.0520673
18  6.9  0.0436877
18  7.1  0.0367792
18  7.3  0.0310584
18  7.5  0.0263296
18  7.7  0.0223884
18  7.9  0.0190886
18  8.1  0.0163245
18  8.3  0.0139962
18  8.5  0.0120376
18  8.7  0.0103789
18  8.9  0.00896733
18  9.1  0.00776532
18  9.3  0.00673829
18  9.5  0.00586141
18  9.7  0.00510997
18  9.9  0.00446519
18  10.1  0.00390797
18  10.3  0.0034264
18  10.5  0.00300947
18  10.7  0.00264824
18  10.9  0.00233528
18  11.1  0.00206209
18  11.3  0.00182173
18  11.5  0.0016135
18  11.7  0.00143092
18  11.9  0.00127052
20  0.1  1241.77
20  0.3  610.689
20  0.5  363.999
20  0.7  228.236
20  0.9  146.966
20  1.1  96.2952
20  1.3  64.0302
20  1.5  43.1708
20  1.7  29.4665
20  1.9  20.3747
20  2.1  14.2732
20  2.3  10.1199
20  2.5  7.26184
20  2.7  5.27447
20  2.9  3.87358
20  3.1  2.87687
20  3.3  2.15639
20  3.5  1.63436
20  3.7  1.24894
20  3.9  0.962722
20  4.1  0.748313
20  4.3  0.58595
20  4.5  0.462473
20  4.7  0.367394
20  4.9  0.293571
20  5.1  0.236115
20  5.3  0.191042
20  5.5  0.155398
20  5.7  0.127002
20  5.9  0.104345
20  6.1  0.0861187
20  6.3  0.0713498
20  6.5  0.0593822
20  6.7  0.049622
20  6.9  0.0416259
20  7.1  0.035051
20  7.3  0.0295958
20  7.5  0.0250856
20  7.7  0.0213196
20  7.9  0.0181829
20  8.1  0.0155324
20  8.3  0.0133284
20  8.5  0.0114624
20  8.7  0.00988226
20  8.9  0.00853752
20  9.1  0.00739199
20  9.3  0.00641374
20  9.5  0.00557853
20  9.7  0.00486293
20  9.9  0.00424904
20  10.1  0.00371843
20  10.3  0.00326027
20  10.5  0.00286322
20  10.7  0.00251917
20  10.9  0.0022212
20  11.1  0.00196118
20  11.3  0.00173251
20  11.5  0.00153432
20  11.7  0.00136055
20  11.9  0.00120805
22  0.1  1199.8
22  0.3  589.645
22  0.5  351.232
22  0.7  219.999
22  0.9  141.427
22  1.1  92.5362
22  1.3  61.4219
22  1.5  41.3386
22  1.7  28.1656
22  1.9  19.4445
22  2.1  13.6017
22  2.3  9.63051
22  2.5  6.90243
22  2.7  5.00837
22  2.9  3.67475
22  3.1  2.7267
22  3.3  2.0424
22  3.5  1.54697
22  3.7  1.18133
22  3.9  0.910146
22  4.1  0.707159
22  4.3  0.553388
22  4.5  0.436572
22  4.7  0.346673
22  4.9  0.276954
22  5.1  0.222661
22  5.3  0.180101
22  5.5  0.146408
22  5.7  0.119626
22  5.9  0.0983062
22  6.1  0.0811055
22  6.3  0.0671807
22  6.5  0.0558894
22  6.7  0.0467071
22  6.9  0.0391791
22  7.1  0.0329753
22  7.3  0.027806
22  7.5  0.0235917
22  7.7  0.0200522
22  7.9  0.0170901
22  8.1  0.0146075
22  8.3  0.0125249
22  8.5  0.0107599
22  8.7  0.00928154
22  8.9  0.00801714
22  9.1  0.00694194
22  9.3  0.00602156
22  9.5  0.00523842
22  9.7  0.00456632
22  9.9  0.00398876
22  10.1  0.00348895
22  10.3  0.00305857
22  10.5  0.00268613
22  10.7  0.0023636
22  10.9  0.00208419
22  11.1  0.00183772
22  11.3  0.00162725
22  11.5  0.00143929
22  11.7  0.00127721
22  11.9  0.00113392
24  0.1  1146.77
24  0.3  563.033
24  0.5  335.112
24  0.7  209.617
24  0.9  134.508
24  1.1  87.8151
24  1.3  58.1561
24  1.5  39.0516
24  1.7  26.5474
24  1.9  18.29
24  2.1  12.7698
24  2.3  9.02605
24  2.5  6.45943
24  2.7  4.68105
24  2.9  3.43051
24  3.1  2.5426
24  3.3  1.90247
24  3.5  1.43976
24  3.7  1.09867
24  3.9  0.84587
24  4.1  0.656769
24  4.3  0.513698
24  4.5  0.405013
24  4.7  0.321471
24  4.9  0.256717
24  5.1  0.206268
24  5.3  0.166769
24  5.5  0.135553
24  5.7  0.110701
24  5.9  0.0909317
24  6.1  0.0749892
24  6.3  0.062097
24  6.5  0.0516518
24  6.7  0.0431573
24  6.9  0.0361891
24  7.1  0.0304482
24  7.3  0.0256991
24  7.5  0.0217732
24  7.7  0.0185041
24  7.9  0.0157688
24  8.1  0.0134792
24  8.3  0.0115512
24  8.5  0.00993037
24  8.7  0.0085588
24  8.9  0.00739183
24  9.1  0.00639823
24  9.3  0.0055494
24  9.5  0.00482547
24  9.7  0.00420578
24  9.9  0.00367355
24  10.1  0.00321342
24  10.3  0.00281711
24  10.5  0.00247355
24  10.7  0.00217611
24  10.9  0.00191671
24  11.1  0.0016918
24  11.3  0.00149536
24  11.5  0.00132407
24  11.7  0.00117386
24  11.9  0.00104199
26  0.1  1078.49
26  0.3  528.883
26  0.5  314.389
26  0.7  196.284
26  0.9  125.653
26  1.1  81.8333
26  1.3  54.0064
26  1.5  36.1563
26  1.7  24.5066
26  1.9  16.8405
26  2.1  11.7284
26  2.3  8.27234
26  2.5  5.90927
26  2.7  4.27407
26  2.9  3.12726
26  3.1  2.31481
26  3.3  1.72977
26  3.5  1.30744
26  3.7  0.996761
26  3.9  0.766663
26  4.1  0.594397
26  4.3  0.464857
26  4.5  0.366303
26  4.7  0.2906
26  4.9  0.231881
26  5.1  0.186209
26  5.3  0.150427
26  5.5  0.122251
26  5.7  0.0996977
26  5.9  0.0818995
26  6.1  0.0674561
26  6.3  0.0558897
26  6.5  0.046521
26  6.7  0.0388614
26  6.9  0.0325765
26  7.1  0.0274154
26  7.3  0.0231522
26  7.5  0.0196168
26  7.7  0.0167134
26  7.9  0.0142655
26  8.1  0.0121687
26  8.3  0.0103944
26  8.5  0.00891754
26  8.7  0.00767844
26  8.9  0.00662885
26  9.1  0.00573723
26  9.3  0.00496876
26  9.5  0.00432368
26  9.7  0.00376761
26  9.9  0.00328995
26  10.1  0.00287754
26  10.3  0.00252191
26  10.5  0.00221408
26  10.7  0.00194727
26  10.9  0.00171493
26  11.1  0.00151363
26  11.3  0.00133756
26  11.5  0.00118407
26  11.7  0.00104966
26  11.9  0.000931724
28  0.1  989.681
28  0.3  484.443
28  0.5  287.497
28  0.7  179.057
28  0.9  114.246
28  1.1  74.0891
28  1.3  48.6958
28  1.5  32.4837
28  1.7  21.933
28  1.9  15.0202
28  2.1  10.4248
28  2.3  7.33145
28  2.5  5.22355
28  2.7  3.77005
28  2.9  2.75292
28  3.1  2.03358
28  3.3  1.51739
28  3.5  1.14511
28  3.7  0.871823
28  3.9  0.669818
28  4.1  0.518904
28  4.3  0.405193
28  4.5  0.318923
28  4.7  0.252752
28  4.9  0.201543
28  5.1  0.161717
28  5.3  0.130589
28  5.5  0.106007
28  5.7  0.0864963
28  5.9  0.0709582
28  6.1  0.0584637
28  6.3  0.0483674
28  6.5  0.0401935
28  6.7  0.0335558
28  6.9  0.028116
28  7.1  0.0236355
28  7.3  0.0199343
28  7.5  0.0168787
28  7.7  0.0143199
28  7.9  0.0122067
28  8.1  0.0104266
28  8.3  0.00893018
28  8.5  0.00767337
28  8.7  0.0066093
28  8.9  0.00570483
28  9.1  0.00493531
28  9.3  0.00427825
28  9.5  0.00371839
28  9.7  0.00323888
28  9.9  0.00282744
28  10.1  0.00247259
28  10.3  0.00216642
28  10.5  0.00190133
28  10.7  0.00167202
28  10.9  0.00147212
28  11.1  0.00129915
28  11.3  0.00114765
28  11.5  0.00101589
28  11.7  0.000900349
28  11.9  0.000798979
30  0.1  875.659
30  0.3  427.8
30  0.5  253.074
30  0.7  157.245
30  0.9  99.9469
30  1.1  64.546
30  1.3  42.2332
30  1.5  28.0305
30  1.7  18.8741
30  1.9  12.8839
30  2.1  8.87172
30  2.3  6.1932
30  2.5  4.3951
30  2.7  3.16228
30  2.9  2.30305
30  3.1  1.6971
30  3.3  1.26354
30  3.5  0.951562
30  3.7  0.723094
30  3.9  0.554741
30  4.1  0.429049
30  4.3  0.334555
30  4.5  0.262992
30  4.7  0.208164
30  4.9  0.16578
30  5.1  0.132896
30  5.3  0.107217
30  5.5  0.0869447
30  5.7  0.0708856
30  5.9  0.0581018
30  6.1  0.0478316
30  6.3  0.0395418
30  6.5  0.0328106
30  6.7  0.0273953
30  6.9  0.0229222
30  7.1  0.0192735
30  7.3  0.0162444
30  7.5  0.0137331
30  7.7  0.0116557
30  7.9  0.00992091
30  8.1  0.00847065
30  8.3  0.00725777
30  8.5  0.00623302
30  8.7  0.00536123
30  8.9  0.00462645
30  9.1  0.00400378
30  9.3  0.00346948
30  9.5  0.00301179
30  9.7  0.00262414
30  9.9  0.00229001
30  10.1  0.00200203
30  10.3  0.00175358
30  10.5  0.00153821
30  10.7  0.0013513
30  10.9  0.00119033
30  11.1  0.00104993
30  11.3  0.000928168
30  11.5  0.000820804
30  11.7  0.000727222
30  11.9  0.000645103
32  0.1  736.289
32  0.3  358.568
32  0.5  211.722
32  0.7  130.875
32  0.9  82.5699
32  1.1  52.8713
32  1.3  34.3226
32  1.5  22.6106
32  1.7  15.0891
32  1.9  10.2203
32  2.1  7.02453
32  2.3  4.89782
32  2.5  3.46253
32  2.7  2.48159
32  2.9  1.80065
32  3.1  1.32268
32  3.3  0.981584
32  3.5  0.737491
32  3.7  0.558689
32  3.9  0.427888
32  4.1  0.330355
32  4.3  0.257101
32  4.5  0.201754
32  4.7  0.159446
32  4.9  0.126779
32  5.1  0.101495
32  5.3  0.0817757
32  5.5  0.0662345
32  5.7  0.0539263
32  5.9  0.0441547
32  6.1  0.0363095
32  6.3  0.0299638
32  6.5  0.024862
32  6.7  0.0207378
32  6.9  0.0173362
32  7.1  0.0145539
32  7.3  0.0122671
32  7.5  0.0103634
32  7.7  0.00879688
32  7.9  0.00748053
32  8.1  0.00637903
32  8.3  0.00545719
32  8.5  0.00468685
32  8.7  0.00403237
32  8.9  0.0034748
32  9.1  0.00300538
32  9.3  0.00260247
32  9.5  0.00225953
32  9.7  0.00196622
32  9.9  0.00171497
32  10.1  0.00149857
32  10.3  0.00131191
32  10.5  0.00115029
32  10.7  0.00101064
32  10.9  0.000889379
32  11.1  0.000784192
32  11.3  0.000692519
32  11.5  0.000612441
32  11.7  0.000542366
32  11.9  0.000480983
