# fragmentation : Kniehl & Kramer, evolved (scale=2*mt0=3.00666)
# target        : AA (sqrt(s_NN) = 5360 GeV)
# channel       : An0n
# flux          : TABLE (input/Starlight_photon_flux/flux_WS_An0n.dat)
#   generated             : 2026-10-04 19:28:36 EEST
#   flux_model            : TABLE
#   calls                 : 2e5 (VEGAS calls per point)
#   dipole file dir       : data/Pb/mve/glauber_mve_<b_d>
#   pD0 loop             : 0.1 0.3 0.5 0.7 0.9 1.1 1.3 1.5 1.7 1.9 2.1 2.3 2.5 2.7 2.9 3.1 3.3 3.5 3.7 3.9 4.1 4.3 4.5 4.7 4.9 5.1 5.3 5.5 5.7 5.9 6.1 6.3 6.5 6.7 6.9 7.1 7.3 7.5 7.7 7.9 8.1 8.3 8.5 8.7 8.9 9.1 9.3 9.5 9.7 9.9 10.1 10.3 10.5 10.7 10.9 11.1 11.3 11.5 11.7 11.9
#   fixed rapidity y      : 1.0
# ============================================================
# b_d  pD0  dsigma_dyd2pD0
0  0.1  1879.85
0  0.3  938.633
0  0.5  566.617
0  0.7  361.309
0  0.9  236.779
0  1.1  158.1
0  1.3  107.12
0  1.5  73.6282
0  1.7  51.2059
0  1.9  36.0588
0  2.1  25.7001
0  2.3  18.5366
0  2.5  13.5259
0  2.7  9.98444
0  2.9  7.44527
0  3.1  5.61502
0  3.3  4.27381
0  3.5  3.2867
0  3.7  2.54812
0  3.9  1.99326
0  4.1  1.57197
0  4.3  1.24823
0  4.5  0.998778
0  4.7  0.804426
0  4.9  0.651571
0  5.1  0.531432
0  5.3  0.435938
0  5.5  0.359282
0  5.7  0.29753
0  5.9  0.247788
0  6.1  0.207235
0  6.3  0.174021
0  6.5  0.146595
0  6.7  0.124195
0  6.9  0.105509
0  7.1  0.089925
0  7.3  0.0769073
0  7.5  0.0660357
0  7.7  0.0568525
0  7.9  0.0490805
0  8.1  0.0424801
0  8.3  0.0368594
0  8.5  0.0320434
0  8.7  0.0279794
0  8.9  0.0244725
0  9.1  0.0214507
0  9.3  0.0188466
0  9.5  0.0165925
0  9.7  0.0146334
0  9.9  0.0129305
0  10.1  0.0114479
0  10.3  0.0101426
0  10.5  0.00901863
0  10.7  0.00801713
0  10.9  0.00715005
0  11.1  0.0063868
0  11.3  0.00571366
0  11.5  0.00512013
0  11.7  0.00459083
0  11.9  0.00412516
2  0.1  1878.16
2  0.3  937.773
2  0.5  566.086
2  0.7  360.96
2  0.9  236.542
2  1.1  157.936
2  1.3  107.002
2  1.5  73.5435
2  1.7  51.1444
2  1.9  36.014
2  2.1  25.6669
2  2.3  18.512
2  2.5  13.5076
2  2.7  9.97055
2  2.9  7.43473
2  3.1  5.60692
2  3.3  4.26758
2  3.5  3.28183
2  3.7  2.54432
2  3.9  1.99027
2  4.1  1.5696
2  4.3  1.2463
2  4.5  0.997225
2  4.7  0.803168
2  4.9  0.650558
2  5.1  0.530605
2  5.3  0.435254
2  5.5  0.35871
2  5.7  0.29707
2  5.9  0.247388
2  6.1  0.206894
2  6.3  0.173738
2  6.5  0.146351
2  6.7  0.123989
2  6.9  0.105332
2  7.1  0.0897738
2  7.3  0.0767786
2  7.5  0.0659273
2  7.7  0.0567552
2  7.9  0.0489987
2  8.1  0.0424093
2  8.3  0.0367979
2  8.5  0.0319912
2  8.7  0.0279337
2  8.9  0.0244334
2  9.1  0.021416
2  9.3  0.0188162
2  9.5  0.0165657
2  9.7  0.0146093
2  9.9  0.0129091
2  10.1  0.0114286
2  10.3  0.0101258
2  10.5  0.00900398
2  10.7  0.00800397
2  10.9  0.00713828
2  11.1  0.00637578
2  11.3  0.0057037
2  11.5  0.00511119
2  11.7  0.00458275
2  11.9  0.00411816
4  0.1  1873.07
4  0.3  935.222
4  0.5  564.462
4  0.7  360.005
4  0.9  235.859
4  1.1  157.44
4  1.3  106.657
4  1.5  73.3077
4  1.7  50.989
4  1.9  35.9075
4  2.1  25.5944
4  2.3  18.462
4  2.5  13.4746
4  2.7  9.95408
4  2.9  7.42845
4  3.1  5.60335
4  3.3  4.27313
4  3.5  3.2906
4  3.7  2.55368
4  3.9  2.00342
4  4.1  1.58362
4  4.3  1.26171
4  4.5  1.01167
4  4.7  0.815664
4  4.9  0.65743
4  5.1  0.533116
4  5.3  0.434879
4  5.5  0.357328
4  5.7  0.295652
4  5.9  0.246196
4  6.1  0.205895
4  6.3  0.172894
4  6.5  0.14564
4  6.7  0.123386
4  6.9  0.104817
4  7.1  0.0893342
4  7.3  0.0764021
4  7.5  0.0655996
4  7.7  0.0564772
4  7.9  0.0487555
4  8.1  0.0421997
4  8.3  0.0366138
4  8.5  0.0318314
4  8.7  0.0277944
4  8.9  0.0243085
4  9.1  0.0213084
4  9.3  0.018721
4  9.5  0.0164822
4  9.7  0.0145346
4  9.9  0.0128439
4  10.1  0.0113705
4  10.3  0.0100741
4  10.5  0.00895805
4  10.7  0.00796288
4  10.9  0.00710132
4  11.1  0.00634312
4  11.3  0.00567441
4  11.5  0.00508495
4  11.7  0.00456108
4  11.9  0.00409684
6  0.1  1864.45
6  0.3  930.805
6  0.5  561.79
6  0.7  358.134
6  0.9  234.606
6  1.1  156.631
6  1.3  106.043
6  1.5  72.8566
6  1.7  50.647
6  1.9  35.6508
6  2.1  25.4006
6  2.3  18.3137
6  2.5  13.3595
6  2.7  9.85831
6  2.9  7.34967
6  3.1  5.54155
6  3.3  4.21721
6  3.5  3.24247
6  3.7  2.51383
6  3.9  1.96606
6  4.1  1.55021
6  4.3  1.23001
6  4.5  0.984762
6  4.7  0.792947
6  4.9  0.642389
6  5.1  0.523989
6  5.3  0.4297
6  5.5  0.354104
6  5.7  0.293244
6  5.9  0.24418
6  6.1  0.204208
6  6.3  0.17147
6  6.5  0.144437
6  6.7  0.122365
6  6.9  0.103948
6  7.1  0.0885916
6  7.3  0.0757658
6  7.5  0.0650535
6  7.7  0.0560008
6  7.9  0.0483465
6  8.1  0.0418422
6  8.3  0.0363046
6  8.5  0.0315612
6  8.7  0.0275577
6  8.9  0.024103
6  9.1  0.0211266
6  9.3  0.0185601
6  9.5  0.0163396
6  9.7  0.0144095
6  9.9  0.0127322
6  10.1  0.0112725
6  10.3  0.00998729
6  10.5  0.00888022
6  10.7  0.00789342
6  10.9  0.00703919
6  11.1  0.00628729
6  11.3  0.0056246
6  11.5  0.00504033
6  11.7  0.00451892
6  11.9  0.00406083
8  0.1  1852.18
8  0.3  924.554
8  0.5  557.929
8  0.7  355.595
8  0.9  232.883
8  1.1  155.419
8  1.3  105.184
8  1.5  72.2414
8  1.7  50.2014
8  1.9  35.3255
8  2.1  25.1593
8  2.3  18.1356
8  2.5  13.2262
8  2.7  9.7581
8  2.9  7.2735
8  3.1  5.48355
8  3.3  4.17231
8  3.5  3.20759
8  3.7  2.48606
8  3.9  1.94435
8  4.1  1.53302
8  4.3  1.2169
8  4.5  0.97364
8  4.7  0.784071
8  4.9  0.635018
8  5.1  0.518
8  5.3  0.424736
8  5.5  0.349997
8  5.7  0.289825
8  5.9  0.241339
8  6.1  0.201817
8  6.3  0.169459
8  6.5  0.142739
8  6.7  0.12092
8  6.9  0.102717
8  7.1  0.0875371
8  7.3  0.0748626
8  7.5  0.0642754
8  7.7  0.0553316
8  7.9  0.0477638
8  8.1  0.0413373
8  8.3  0.0358658
8  8.5  0.03118
8  8.7  0.0272246
8  8.9  0.023811
8  9.1  0.0208692
8  9.3  0.018334
8  9.5  0.0161413
8  9.7  0.0142345
8  9.9  0.0125777
8  10.1  0.0111353
8  10.3  0.00986521
8  10.5  0.0087716
8  10.7  0.0077968
8  10.9  0.00695294
8  11.1  0.00621009
8  11.3  0.00555534
8  11.5  0.00497774
8  11.7  0.00446457
8  11.9  0.00401019
10  0.1  1836.17
10  0.3  916.306
10  0.5  552.99
10  0.7  352.355
10  0.9  230.668
10  1.1  153.836
10  1.3  104.084
10  1.5  71.4629
10  1.7  49.6564
10  1.9  34.9295
10  2.1  24.8813
10  2.3  17.939
10  2.5  13.0838
10  2.7  9.66046
10  2.9  7.20663
10  3.1  5.43876
10  3.3  4.14545
10  3.5  3.19046
10  3.7  2.47814
10  3.9  1.94212
10  4.1  1.53593
10  4.3  1.22361
10  4.5  0.982563
10  4.7  0.791744
10  4.9  0.63749
10  5.1  0.516718
10  5.3  0.420833
10  5.5  0.34522
10  5.7  0.285357
10  5.9  0.237597
10  6.1  0.198672
10  6.3  0.166809
10  6.5  0.140497
10  6.7  0.119012
10  6.9  0.101089
10  7.1  0.086146
10  7.3  0.0736673
10  7.5  0.0632463
10  7.7  0.0544445
10  7.9  0.0469991
10  8.1  0.0406746
10  8.3  0.0352877
10  8.5  0.0306767
10  8.7  0.0267837
10  8.9  0.0234253
10  9.1  0.0205313
10  9.3  0.0180352
10  9.5  0.0158782
10  9.7  0.0140031
10  9.9  0.0123724
10  10.1  0.0109516
10  10.3  0.00970265
10  10.5  0.00862721
10  10.7  0.00766897
10  10.9  0.0068386
10  11.1  0.00610831
10  11.3  0.0054638
10  11.5  0.00489575
10  11.7  0.0043892
10  11.9  0.0039441
12  0.1  1815.29
12  0.3  905.791
12  0.5  546.307
12  0.7  347.969
12  0.9  227.692
12  1.1  151.788
12  1.3  102.613
12  1.5  70.3992
12  1.7  48.8703
12  1.9  34.3534
12  2.1  24.4446
12  2.3  17.6059
12  2.5  12.8302
12  2.7  9.45984
12  2.9  7.04739
12  3.1  5.3101
12  3.3  4.03867
12  3.5  3.10357
12  3.7  2.40448
12  3.9  1.88011
12  4.1  1.48184
12  4.3  1.17621
12  4.5  0.940686
12  4.7  0.757367
12  4.9  0.613279
12  5.1  0.500135
12  5.3  0.410049
12  5.5  0.337835
12  5.7  0.279694
12  5.9  0.232882
12  6.1  0.194715
12  6.3  0.163471
12  6.5  0.137677
12  6.7  0.116618
12  6.9  0.0990509
12  7.1  0.0844036
12  7.3  0.0721743
12  7.5  0.0619615
12  7.7  0.0533342
12  7.9  0.0459841
12  8.1  0.0398395
12  8.3  0.0345629
12  8.5  0.0300454
12  8.7  0.0262305
12  8.9  0.0229406
12  9.1  0.020105
12  9.3  0.017661
12  9.5  0.0155474
12  9.7  0.013711
12  9.9  0.0121136
12  10.1  0.0107238
12  10.3  0.0095003
12  10.5  0.0084467
12  10.7  0.00750864
12  10.9  0.00669498
12  11.1  0.00597949
12  11.3  0.00534868
12  11.5  0.00479212
12  11.7  0.00429787
12  11.9  0.00386042
14  0.1  1789.51
14  0.3  892.679
14  0.5  538.228
14  0.7  342.671
14  0.9  224.095
14  1.1  149.282
14  1.3  100.891
14  1.5  69.1264
14  1.7  47.9521
14  1.9  33.682
14  2.1  23.953
14  2.3  17.2416
14  2.5  12.5584
14  2.7  9.25512
14  2.9  6.89229
14  3.1  5.19145
14  3.3  3.94716
14  3.5  3.03236
14  3.7  2.34871
14  3.9  1.83618
14  4.1  1.44689
14  4.3  1.14821
14  4.5  0.918192
14  4.7  0.739124
14  4.9  0.598417
14  5.1  0.487953
14  5.3  0.400012
14  5.5  0.329526
14  5.7  0.27281
14  5.9  0.227111
14  6.1  0.189872
14  6.3  0.159382
14  6.5  0.134225
14  6.7  0.113682
14  6.9  0.0965499
14  7.1  0.0822663
14  7.3  0.0703431
14  7.5  0.0603846
14  7.7  0.0519739
14  7.9  0.0448095
14  8.1  0.0388205
14  8.3  0.0336756
14  8.5  0.0292714
14  8.7  0.0255523
14  8.9  0.0223482
14  9.1  0.0195838
14  9.3  0.0172011
14  9.5  0.0151418
14  9.7  0.0133533
14  9.9  0.0117971
14  10.1  0.0104426
14  10.3  0.00925086
14  10.5  0.00822442
14  10.7  0.00731083
14  10.9  0.00651877
14  11.1  0.00582171
14  11.3  0.00520748
14  11.5  0.00466569
14  11.7  0.00418431
14  11.9  0.00375829
16  0.1  1757.92
16  0.3  876.586
16  0.5  528.328
16  0.7  336.173
16  0.9  219.684
16  1.1  146.206
16  1.3  98.719
16  1.5  67.573
16  1.7  46.8304
16  1.9  32.8639
16  2.1  23.3541
16  2.3  16.7987
16  2.5  12.228
16  2.7  9.00659
16  2.9  6.70446
16  3.1  5.04741
16  3.3  3.83621
16  3.5  2.9462
16  3.7  2.28127
16  3.9  1.78279
16  4.1  1.40458
16  4.3  1.1144
16  4.5  0.890928
16  4.7  0.717039
16  4.9  0.580457
16  5.1  0.473227
16  5.3  0.387879
16  5.5  0.319468
16  5.7  0.264437
16  5.9  0.220134
16  6.1  0.184007
16  6.3  0.154442
16  6.5  0.130138
16  6.7  0.110146
16  6.9  0.0935375
16  7.1  0.0796885
16  7.3  0.0681342
16  7.5  0.0584845
16  7.7  0.0503356
16  7.9  0.0433927
16  8.1  0.037589
16  8.3  0.0326046
16  8.5  0.02834
16  8.7  0.0247381
16  8.9  0.0216334
16  9.1  0.0189571
16  9.3  0.0166488
16  9.5  0.0146544
16  9.7  0.0129231
16  9.9  0.011417
16  10.1  0.0101061
16  10.3  0.00895274
16  10.5  0.00795093
16  10.7  0.00707479
16  10.9  0.00630811
16  11.1  0.00563326
16  11.3  0.00503877
16  11.5  0.00451415
16  11.7  0.00404811
16  11.9  0.00363599
18  0.1  1719.52
18  0.3  856.89
18  0.5  516.215
18  0.7  328.21
18  0.9  214.294
18  1.1  142.455
18  1.3  96.0817
18  1.5  65.6838
18  1.7  45.469
18  1.9  31.8767
18  2.1  22.6291
18  2.3  16.2631
18  2.5  11.8297
18  2.7  8.70692
18  2.9  6.47785
18  3.1  4.87415
18  3.3  3.70259
18  3.5  2.84242
18  3.7  2.20006
18  3.9  1.71873
18  4.1  1.35372
18  4.3  1.07377
18  4.5  0.858231
18  4.7  0.690554
18  4.9  0.558907
18  5.1  0.455542
18  5.3  0.373359
18  5.5  0.307439
18  5.7  0.25444
18  5.9  0.211591
18  6.1  0.176991
18  6.3  0.148528
18  6.5  0.125137
18  6.7  0.105895
18  6.9  0.0899174
18  7.1  0.0765968
18  7.3  0.0654823
18  7.5  0.0562008
18  7.7  0.0483623
18  7.9  0.0416891
18  8.1  0.0361102
18  8.3  0.0313209
18  8.5  0.0272439
18  8.7  0.0237582
18  8.9  0.020774
18  9.1  0.0182048
18  9.3  0.0159875
18  9.5  0.0140727
18  9.7  0.0124094
18  9.9  0.0109612
18  10.1  0.00969197
18  10.3  0.00859316
18  10.5  0.00763916
18  10.7  0.00678968
18  10.9  0.00605339
18  11.1  0.0054061
18  11.3  0.00483483
18  11.5  0.0043313
18  11.7  0.00388408
18  11.9  0.00348776
20  0.1  1672.35
20  0.3  832.644
20  0.5  501.338
20  0.7  318.479
20  0.9  207.704
20  1.1  137.868
20  1.3  92.8474
20  1.5  63.3811
20  1.7  43.8119
20  1.9  30.6687
20  2.1  21.7505
20  2.3  15.615
20  2.5  11.348
20  2.7  8.34509
20  2.9  6.20404
20  3.1  4.66511
20  3.3  3.54168
20  3.5  2.71745
20  3.7  2.10233
20  3.9  1.64147
20  4.1  1.29255
20  4.3  1.02493
20  4.5  0.818952
20  4.7  0.658769
20  4.9  0.532971
20  5.1  0.434374
20  5.3  0.355911
20  5.5  0.292983
20  5.7  0.242446
20  5.9  0.201744
20  6.1  0.168587
20  6.3  0.141444
20  6.5  0.119151
20  6.7  0.10081
20  6.9  0.0855883
20  7.1  0.0728999
20  7.3  0.0623126
20  7.5  0.0534782
20  7.7  0.0460126
20  7.9  0.0396565
20  8.1  0.0343466
20  8.3  0.0297856
20  8.5  0.025886
20  8.7  0.0225907
20  8.9  0.0197511
20  9.1  0.0173062
20  9.3  0.0151951
20  9.5  0.013373
20  9.7  0.0117924
20  9.9  0.0104156
20  10.1  0.00920859
20  10.3  0.00816492
20  10.5  0.00724962
20  10.7  0.00644916
20  10.9  0.00575013
20  11.1  0.00513497
20  11.3  0.00459359
20  11.5  0.00411342
20  11.7  0.00368789
20  11.9  0.00331448
22  0.1  1612.78
22  0.3  802.49
22  0.5  482.879
22  0.7  306.373
22  0.9  199.549
22  1.1  132.201
22  1.3  88.8649
22  1.5  60.5485
22  1.7  41.7793
22  1.9  29.2042
22  2.1  20.677
22  2.3  14.824
22  2.5  10.7621
22  2.7  7.90516
22  2.9  5.87194
22  3.1  4.41175
22  3.3  3.34665
22  3.5  2.56588
22  3.7  1.98426
22  3.9  1.54868
22  4.1  1.21877
22  4.3  0.96531
22  4.5  0.771397
22  4.7  0.620383
22  4.9  0.501822
22  5.1  0.408836
22  5.3  0.334627
22  5.5  0.275606
22  5.7  0.227937
22  5.9  0.189643
22  6.1  0.158289
22  6.3  0.132791
22  6.5  0.111924
22  6.7  0.0945785
22  6.9  0.0802937
22  7.1  0.0684545
22  7.3  0.0584534
22  7.5  0.0501683
22  7.7  0.0431834
22  7.9  0.0372566
22  8.1  0.0322383
22  8.3  0.0279256
22  8.5  0.0243072
22  8.7  0.0211937
22  8.9  0.0185003
22  9.1  0.0162383
22  9.3  0.0142536
22  9.5  0.0125401
22  9.7  0.0110679
22  9.9  0.0097872
22  10.1  0.00866874
22  10.3  0.00769632
22  10.5  0.00684283
22  10.7  0.00609437
22  10.9  0.00544693
22  11.1  0.00487018
22  11.3  0.00437528
22  11.5  0.00393348
22  11.7  0.00353333
22  11.9  0.00318541
24  0.1  1538.1
24  0.3  764.415
24  0.5  459.768
24  0.7  291.141
24  0.9  189.231
24  1.1  125.113
24  1.3  83.8943
24  1.5  57.0277
24  1.7  39.2596
24  1.9  27.3856
24  2.1  19.3532
24  2.3  13.8516
24  2.5  10.0409
24  2.7  7.36553
24  2.9  5.46445
24  3.1  4.10172
24  3.3  3.109
24  3.5  2.38178
24  3.7  1.84013
24  3.9  1.43532
24  4.1  1.12888
24  4.3  0.894216
24  4.5  0.713877
24  4.7  0.573702
24  4.9  0.464026
24  5.1  0.377805
24  5.3  0.309292
24  5.5  0.254457
24  5.7  0.210429
24  5.9  0.174996
24  6.1  0.14616
24  6.3  0.122573
24  6.5  0.10321
24  6.7  0.0872818
24  6.9  0.0740709
24  7.1  0.0630624
24  7.3  0.0538841
24  7.5  0.0462224
24  7.7  0.0397575
24  7.9  0.034252
24  8.1  0.0296585
24  8.3  0.0257099
24  8.5  0.0223563
24  8.7  0.0194866
24  8.9  0.017033
24  9.1  0.0149015
24  9.3  0.01308
24  9.5  0.0115197
24  9.7  0.0101568
24  9.9  0.00896913
24  10.1  0.00792771
24  10.3  0.00702732
24  10.5  0.00623855
24  10.7  0.00555426
24  10.9  0.00495155
24  11.1  0.00441614
24  11.3  0.00394985
24  11.5  0.00353636
24  11.7  0.00317062
24  11.9  0.00284867
26  0.1  1442.2
26  0.3  715.546
26  0.5  429.65
26  0.7  271.706
26  0.9  176.105
26  1.1  116.113
26  1.3  77.6043
26  1.5  52.5936
26  1.7  36.0956
26  1.9  25.1101
26  2.1  17.7042
26  2.3  12.6436
26  2.5  9.14527
26  2.7  6.69806
26  2.9  4.962
26  3.1  3.71933
26  3.3  2.81486
26  3.5  2.15496
26  3.7  1.66329
26  3.9  1.29742
26  4.1  1.01954
26  4.3  0.807133
26  4.5  0.644371
26  4.7  0.517592
26  4.9  0.41805
26  5.1  0.339902
26  5.3  0.278147
26  5.5  0.228601
26  5.7  0.189036
26  5.9  0.15712
26  6.1  0.131188
26  6.3  0.109971
26  6.5  0.0925648
26  6.7  0.0782493
26  6.9  0.0663881
26  7.1  0.0565043
26  7.3  0.048225
26  7.5  0.0413898
26  7.7  0.0355915
26  7.9  0.0306558
26  8.1  0.0265346
26  8.3  0.0229684
26  8.5  0.0199939
26  8.7  0.0174231
26  8.9  0.0152254
26  9.1  0.013318
26  9.3  0.011688
26  9.5  0.0102813
26  9.7  0.00907142
26  9.9  0.00800977
26  10.1  0.0070785
26  10.3  0.00627308
26  10.5  0.00556784
26  10.7  0.00495092
26  10.9  0.00441334
26  11.1  0.00394302
26  11.3  0.00352136
26  11.5  0.00315296
26  11.7  0.00282888
26  11.9  0.00253937
28  0.1  1317.24
28  0.3  652.43
28  0.5  391.117
28  0.7  246.801
28  0.9  159.38
28  1.1  104.638
28  1.3  69.6386
28  1.5  46.9954
28  1.7  32.1291
28  1.9  22.2735
28  2.1  15.6486
28  2.3  11.1448
28  2.5  8.04216
28  2.7  5.87493
28  2.9  4.34274
28  3.1  3.25056
28  3.3  2.45765
28  3.5  1.87762
28  3.7  1.44751
28  3.9  1.12676
28  4.1  0.884596
28  4.3  0.699493
28  4.5  0.557468
28  4.7  0.447434
28  4.9  0.361397
28  5.1  0.293853
28  5.3  0.240272
28  5.5  0.197481
28  5.7  0.163128
28  5.9  0.135516
28  6.1  0.113079
28  6.3  0.0947485
28  6.5  0.0797135
28  6.7  0.0673539
28  6.9  0.0571165
28  7.1  0.0485902
28  7.3  0.0414543
28  7.5  0.0355318
28  7.7  0.030572
28  7.9  0.0263222
28  8.1  0.0227757
28  8.3  0.0197112
28  8.5  0.0171345
28  8.7  0.0149413
28  8.9  0.0130375
28  9.1  0.0114145
28  9.3  0.0100258
28  9.5  0.00880649
28  9.7  0.00776867
28  9.9  0.00685726
28  10.1  0.00606002
28  10.3  0.00536852
28  10.5  0.004764
28  10.7  0.00423413
28  10.9  0.00377776
28  11.1  0.00337144
28  11.3  0.00301056
28  11.5  0.00269656
28  11.7  0.00241679
28  11.9  0.00216894
30  0.1  1162.5
30  0.3  574.228
30  0.5  342.792
30  0.7  215.215
30  0.9  138.184
30  1.1  90.2344
30  1.3  59.7498
30  1.5  40.0949
30  1.7  27.268
30  1.9  18.8162
30  2.1  13.164
30  2.3  9.33974
30  2.5  6.71679
30  2.7  4.89358
30  2.9  3.60622
30  3.1  2.69359
30  3.3  2.0317
30  3.5  1.5495
30  3.7  1.19254
30  3.9  0.926797
30  4.1  0.726427
30  4.3  0.573706
30  4.5  0.456674
30  4.7  0.366105
30  4.9  0.295407
30  5.1  0.239925
30  5.3  0.196036
30  5.5  0.160971
30  5.7  0.132845
30  5.9  0.110274
30  6.1  0.0919486
30  6.3  0.0769892
30  6.5  0.0647317
30  6.7  0.0546634
30  6.9  0.0462868
30  7.1  0.0393537
30  7.3  0.0336123
30  7.5  0.0287944
30  7.7  0.0247406
30  7.9  0.0213207
30  8.1  0.0184147
30  8.3  0.0159322
30  8.5  0.0138431
30  8.7  0.0120629
30  8.9  0.0105233
30  9.1  0.00920833
30  9.3  0.00807538
30  9.5  0.0070984
30  9.7  0.00625512
30  9.9  0.00552407
30  10.1  0.00488006
30  10.3  0.00432197
30  10.5  0.00383663
30  10.7  0.00341041
30  10.9  0.00303509
30  11.1  0.00270849
30  11.3  0.00241963
30  11.5  0.00216654
30  11.7  0.0019408
30  11.9  0.00174112
32  0.1  965.555
32  0.3  475.739
32  0.5  283.661
32  0.7  177.307
32  0.9  113.242
32  1.1  73.4498
32  1.3  48.2449
32  1.5  32.1428
32  1.7  21.7169
32  1.9  14.8887
32  2.1  10.3639
32  2.3  7.31785
32  2.5  5.24007
32  2.7  3.80252
32  2.9  2.79381
32  3.1  2.07956
32  3.3  1.56399
32  3.5  1.18979
32  3.7  0.91351
32  3.9  0.708564
32  4.1  0.554296
32  4.3  0.437012
32  4.5  0.347282
32  4.7  0.277959
32  4.9  0.223999
32  5.1  0.181692
32  5.3  0.148225
32  5.5  0.121579
32  5.7  0.100223
32  5.9  0.0831129
32  6.1  0.0692251
32  6.3  0.057909
32  6.5  0.0486439
32  6.7  0.0410419
32  6.9  0.0347507
32  7.1  0.0295203
32  7.3  0.0251719
32  7.5  0.0215483
32  7.7  0.0185025
32  7.9  0.0159304
32  8.1  0.013752
32  8.3  0.0119023
32  8.5  0.0103343
32  8.7  0.0089931
32  8.9  0.00784817
32  9.1  0.00686444
32  9.3  0.00601603
32  9.5  0.00528209
32  9.7  0.00465347
32  9.9  0.0041045
32  10.1  0.00362745
32  10.3  0.003209
32  10.5  0.00284481
32  10.7  0.00252894
32  10.9  0.00224984
32  11.1  0.00200672
32  11.3  0.00179262
32  11.5  0.00160319
32  11.7  0.00143526
32  11.9  0.00128838
