# fragmentation : HymnD (input/HymnD/prompt-D0-1-109_0000.dat, member 0, Q=1*mt0=1.50333)
# target        : AA (sqrt(s_NN) = 5360 GeV)
# channel       : An0n
# flux          : TABLE (input/Starlight_photon_flux/flux_WS_An0n.dat)
#   generated             : 2026-10-04 19:28:25 EEST
#   flux_model            : TABLE
#   calls                 : 2e5 (VEGAS calls per point)
#   dipole file dir       : data/Pb/mve/glauber_mve_<b_d>
#   pD0 loop             : 0.1 0.3 0.5 0.7 0.9 1.1 1.3 1.5 1.7 1.9 2.1 2.3 2.5 2.7 2.9 3.1 3.3 3.5 3.7 3.9 4.1 4.3 4.5 4.7 4.9 5.1 5.3 5.5 5.7 5.9 6.1 6.3 6.5 6.7 6.9 7.1 7.3 7.5 7.7 7.9 8.1 8.3 8.5 8.7 8.9 9.1 9.3 9.5 9.7 9.9 10.1 10.3 10.5 10.7 10.9 11.1 11.3 11.5 11.7 11.9
#   fixed rapidity y      : -1.0
# ============================================================
# b_d  pD0  dsigma_dyd2pD0
0  0.1  1489
0  0.3  1155.57
0  0.5  873.743
0  0.7  640.249
0  0.9  460.334
0  1.1  327.611
0  1.3  232.139
0  1.5  164.286
0  1.7  116.779
0  1.9  83.5449
0  2.1  60.2672
0  2.3  43.8806
0  2.5  32.3165
0  2.7  24.0781
0  2.9  18.1283
0  3.1  13.7983
0  3.3  10.6122
0  3.5  8.24212
0  3.7  6.46247
0  3.9  5.11599
0  4.1  4.08366
0  4.3  3.28337
0  4.5  2.66362
0  4.7  2.17519
0  4.9  1.78836
0  5.1  1.47893
0  5.3  1.23056
0  5.5  1.03001
0  5.7  0.86616
0  5.9  0.732413
0  6.1  0.622413
0  6.3  0.531031
0  6.5  0.455659
0  6.7  0.391541
0  6.9  0.338091
0  7.1  0.293397
0  7.3  0.254907
0  7.5  0.222554
0  7.7  0.194908
0  7.9  0.171078
0  8.1  0.150762
0  8.3  0.133053
0  8.5  0.117765
0  8.7  0.104533
0  8.9  0.0929736
0  9.1  0.0829783
0  9.3  0.0741849
0  9.5  0.0664264
0  9.7  0.0595951
0  9.9  0.0536316
0  10.1  0.0483117
0  10.3  0.0435992
0  10.5  0.039376
0  10.7  0.03566
0  10.9  0.0323789
0  11.1  0.0294346
0  11.3  0.0267893
0  11.5  0.0244133
0  11.7  0.022288
0  11.9  0.0203674
2  0.1  1487.35
2  0.3  1154.66
2  0.5  872.772
2  0.7  639.525
2  0.9  459.79
2  1.1  327.199
2  1.3  231.829
2  1.5  164.056
2  1.7  116.609
2  1.9  83.4177
2  2.1  60.1766
2  2.3  43.8103
2  2.5  32.2635
2  2.7  24.0377
2  2.9  18.0977
2  3.1  13.7749
2  3.3  10.594
2  3.5  8.22784
2  3.7  6.45125
2  3.9  5.10701
2  4.1  4.07639
2  4.3  3.27759
2  4.5  2.65891
2  4.7  2.17131
2  4.9  1.78521
2  5.1  1.47628
2  5.3  1.22834
2  5.5  1.0282
2  5.7  0.864594
2  5.9  0.731077
2  6.1  0.621234
2  6.3  0.530067
2  6.5  0.45484
2  6.7  0.390823
2  6.9  0.337485
2  7.1  0.292732
2  7.3  0.254493
2  7.5  0.222135
2  7.7  0.194504
2  7.9  0.170768
2  8.1  0.150488
2  8.3  0.132805
2  8.5  0.117539
2  8.7  0.104291
2  8.9  0.0927959
2  9.1  0.0828406
2  9.3  0.0740498
2  9.5  0.0662894
2  9.7  0.0594864
2  9.9  0.0535231
2  10.1  0.0481698
2  10.3  0.0435199
2  10.5  0.0392996
2  10.7  0.0355811
2  10.9  0.0323038
2  11.1  0.0293672
2  11.3  0.0267411
2  11.5  0.0243714
2  11.7  0.0222433
2  11.9  0.0203404
4  0.1  1482.41
4  0.3  1150.4
4  0.5  869.728
4  0.7  637.353
4  0.9  458.134
4  1.1  325.955
4  1.3  230.896
4  1.5  163.363
4  1.7  116.075
4  1.9  83.0246
4  2.1  59.8527
4  2.3  43.5976
4  2.5  32.1036
4  2.7  23.9122
4  2.9  18.0042
4  3.1  13.7043
4  3.3  10.5394
4  3.5  8.18527
4  3.7  6.41735
4  3.9  5.08025
4  4.1  4.05471
4  4.3  3.25993
4  4.5  2.64265
4  4.7  2.15815
4  4.9  1.77373
4  5.1  1.46793
4  5.3  1.22236
4  5.5  1.0226
4  5.7  0.860006
4  5.9  0.727727
4  6.1  0.618355
4  6.3  0.527729
4  6.5  0.452334
4  6.7  0.388821
4  6.9  0.335594
4  7.1  0.291099
4  7.3  0.253014
4  7.5  0.221095
4  7.7  0.193493
4  7.9  0.16997
4  8.1  0.149594
4  8.3  0.132046
4  8.5  0.116865
4  8.7  0.103762
4  8.9  0.0922842
4  9.1  0.0823888
4  9.3  0.0736368
4  9.5  0.0659169
4  9.7  0.0592044
4  9.9  0.0532251
4  10.1  0.0479526
4  10.3  0.0432827
4  10.5  0.0391095
4  10.7  0.03542
4  10.9  0.0321341
4  11.1  0.0292001
4  11.3  0.0265881
4  11.5  0.024234
4  11.7  0.0221138
4  11.9  0.0202215
6  0.1  1473.96
6  0.3  1143.96
6  0.5  865.002
6  0.7  633.662
6  0.9  455.356
6  1.1  323.854
6  1.3  229.321
6  1.5  162.191
6  1.7  115.203
6  1.9  82.3786
6  2.1  59.4129
6  2.3  43.2403
6  2.5  31.8354
6  2.7  23.7147
6  2.9  17.8499
6  3.1  13.5847
6  3.3  10.4466
6  3.5  8.11277
6  3.7  6.3603
6  3.9  5.03467
6  4.1  4.01857
6  4.3  3.2307
6  4.5  2.62065
6  4.7  2.14001
6  4.9  1.75941
6  5.1  1.45497
6  5.3  1.21046
6  5.5  1.01311
6  5.7  0.851898
6  5.9  0.720313
6  6.1  0.612219
6  6.3  0.522312
6  6.5  0.448132
6  6.7  0.385058
6  6.9  0.332513
6  7.1  0.288167
6  7.3  0.250656
6  7.5  0.21881
6  7.7  0.191638
6  7.9  0.168224
6  8.1  0.148181
6  8.3  0.130823
6  8.5  0.115784
6  8.7  0.102738
6  8.9  0.091416
6  9.1  0.0815387
6  9.3  0.0729012
6  9.5  0.0653021
6  9.7  0.0586464
6  9.9  0.0527205
6  10.1  0.047497
6  10.3  0.0428651
6  10.5  0.0387171
6  10.7  0.0350787
6  10.9  0.0318245
6  11.1  0.0289174
6  11.3  0.0263361
6  11.5  0.0240033
6  11.7  0.0218958
6  11.9  0.0200219
8  0.1  1462.45
8  0.3  1134.97
8  0.5  858.034
8  0.7  628.405
8  0.9  451.377
8  1.1  320.863
8  1.3  227.071
8  1.5  160.524
8  1.7  113.967
8  1.9  81.4585
8  2.1  58.6937
8  2.3  42.7307
8  2.5  31.4545
8  2.7  23.4259
8  2.9  17.6287
8  3.1  13.4154
8  3.3  10.3155
8  3.5  8.01017
8  3.7  6.27939
8  3.9  4.97007
8  4.1  3.96715
8  4.3  3.18883
8  4.5  2.58647
8  4.7  2.11064
8  4.9  1.73643
8  5.1  1.43659
8  5.3  1.19468
8  5.5  1.00029
8  5.7  0.840697
8  5.9  0.711484
8  6.1  0.603994
8  6.3  0.515319
8  6.5  0.441754
8  6.7  0.379944
8  6.9  0.328323
8  7.1  0.284306
8  7.3  0.247691
8  7.5  0.216131
8  7.7  0.189182
8  7.9  0.166105
8  8.1  0.146265
8  8.3  0.129068
8  8.5  0.114247
8  8.7  0.101329
8  8.9  0.0902443
8  9.1  0.0804841
8  9.3  0.071939
8  9.5  0.0644557
8  9.7  0.0577899
8  9.9  0.0520093
8  10.1  0.0468018
8  10.3  0.0422764
8  10.5  0.0381615
8  10.7  0.034584
8  10.9  0.0313932
8  11.1  0.028528
8  11.3  0.0259607
8  11.5  0.0236654
8  11.7  0.0216079
8  11.9  0.0197463
10  0.1  1446.71
10  0.3  1123.31
10  0.5  848.716
10  0.7  621.415
10  0.9  446.116
10  1.1  316.92
10  1.3  224.1
10  1.5  158.327
10  1.7  112.332
10  1.9  80.248
10  2.1  57.8001
10  2.3  42.0625
10  2.5  30.9545
10  2.7  23.0464
10  2.9  17.3253
10  3.1  13.193
10  3.3  10.1426
10  3.5  7.87534
10  3.7  6.17321
10  3.9  4.88543
10  4.1  3.89887
10  4.3  3.1341
10  4.5  2.54215
10  4.7  2.07559
10  4.9  1.7063
10  5.1  1.41093
10  5.3  1.17374
10  5.5  0.982214
10  5.7  0.82603
10  5.9  0.698364
10  6.1  0.59337
10  6.3  0.506345
10  6.5  0.43433
10  6.7  0.373202
10  6.9  0.322243
10  7.1  0.279304
10  7.3  0.242917
10  7.5  0.212076
10  7.7  0.185683
10  7.9  0.16301
10  8.1  0.143639
10  8.3  0.126743
10  8.5  0.11218
10  8.7  0.0995261
10  8.9  0.0885573
10  9.1  0.0790556
10  9.3  0.0706131
10  9.5  0.0632477
10  9.7  0.0568084
10  9.9  0.0510719
10  10.1  0.0459979
10  10.3  0.0415134
10  10.5  0.0375136
10  10.7  0.0339733
10  10.9  0.0308261
10  11.1  0.0280185
10  11.3  0.0255016
10  11.5  0.0232463
10  11.7  0.0212068
10  11.9  0.0193906
12  0.1  1427.51
12  0.3  1108.24
12  0.5  836.897
12  0.7  612.559
12  0.9  439.462
12  1.1  311.94
12  1.3  220.35
12  1.5  155.556
12  1.7  110.278
12  1.9  78.7244
12  2.1  56.6745
12  2.3  41.2216
12  2.5  30.3252
12  2.7  22.5702
12  2.9  16.962
12  3.1  12.9138
12  3.3  9.92668
12  3.5  7.70618
12  3.7  6.03972
12  3.9  4.77926
12  4.1  3.81384
12  4.3  3.06547
12  4.5  2.48612
12  4.7  2.02978
12  4.9  1.66849
12  5.1  1.37963
12  5.3  1.14765
12  5.5  0.96094
12  5.7  0.807525
12  5.9  0.682637
12  6.1  0.580063
12  6.3  0.494786
12  6.5  0.424289
12  6.7  0.364824
12  6.9  0.314968
12  7.1  0.272957
12  7.3  0.237412
12  7.5  0.207219
12  7.7  0.181485
12  7.9  0.159406
12  8.1  0.14033
12  8.3  0.123911
12  8.5  0.109656
12  8.7  0.0972995
12  8.9  0.0865363
12  9.1  0.077168
12  9.3  0.0690316
12  9.5  0.0617902
12  9.7  0.0555041
12  9.9  0.0498813
12  10.1  0.044943
12  10.3  0.0405212
12  10.5  0.0366229
12  10.7  0.0331682
12  10.9  0.0301089
12  11.1  0.0273692
12  11.3  0.0248958
12  11.5  0.0226826
12  11.7  0.0207196
12  11.9  0.018933
14  0.1  1403.07
14  0.3  1089.29
14  0.5  822.469
14  0.7  601.603
14  0.9  431.243
14  1.1  305.747
14  1.3  215.739
14  1.5  152.139
14  1.7  107.752
14  1.9  76.8521
14  2.1  55.2938
14  2.3  40.1928
14  2.5  29.5547
14  2.7  21.9844
14  2.9  16.5185
14  3.1  12.5595
14  3.3  9.65206
14  3.5  7.49898
14  3.7  5.87664
14  3.9  4.64936
14  4.1  3.71001
14  4.3  2.9816
14  4.5  2.41576
14  4.7  1.97379
14  4.9  1.62231
14  5.1  1.34137
14  5.3  1.11632
14  5.5  0.934121
14  5.7  0.785459
14  5.9  0.663655
14  6.1  0.56438
14  6.3  0.481075
14  6.5  0.412597
14  6.7  0.354832
14  6.9  0.306048
14  7.1  0.265272
14  7.3  0.230928
14  7.5  0.201321
14  7.7  0.17649
14  7.9  0.154842
14  8.1  0.136352
14  8.3  0.120315
14  8.5  0.106531
14  8.7  0.0944828
14  8.9  0.084067
14  9.1  0.0749291
14  9.3  0.0670675
14  9.5  0.060066
14  9.7  0.0538911
14  9.9  0.0484483
14  10.1  0.0436497
14  10.3  0.0394004
14  10.5  0.0356105
14  10.7  0.032196
14  10.9  0.0292347
14  11.1  0.0265575
14  11.3  0.0241689
14  11.5  0.0220438
14  11.7  0.0201133
14  11.9  0.0183876
16  0.1  1373.51
16  0.3  1065.97
16  0.5  804.715
16  0.7  588.259
16  0.9  421.201
16  1.1  298.367
16  1.3  210.146
16  1.5  147.984
16  1.7  104.685
16  1.9  74.5889
16  2.1  53.6617
16  2.3  38.9482
16  2.5  28.6224
16  2.7  21.2877
16  2.9  15.9836
16  3.1  12.1613
16  3.3  9.34349
16  3.5  7.25035
16  3.7  5.68048
16  3.9  4.49341
16  4.1  3.58467
16  4.3  2.8804
16  4.5  2.33365
16  4.7  1.90513
16  4.9  1.56677
16  5.1  1.29537
16  5.3  1.0773
16  5.5  0.90108
16  5.7  0.757828
16  5.9  0.640564
16  6.1  0.544284
16  6.3  0.464297
16  6.5  0.39797
16  6.7  0.342469
16  6.9  0.295368
16  7.1  0.256188
16  7.3  0.222568
16  7.5  0.194304
16  7.7  0.17009
16  7.9  0.149313
16  8.1  0.131558
16  8.3  0.116052
16  8.5  0.102714
16  8.7  0.0911276
16  8.9  0.0810737
16  9.1  0.0723596
16  9.3  0.0646447
16  9.5  0.0578736
16  9.7  0.0519869
16  9.9  0.0467335
16  10.1  0.0420894
16  10.3  0.0379785
16  10.5  0.034327
16  10.7  0.0310794
16  10.9  0.0281974
16  11.1  0.0256303
16  11.3  0.023329
16  11.5  0.0212473
16  11.7  0.0193918
16  11.9  0.017737
18  0.1  1337.68
18  0.3  1036.89
18  0.5  783.159
18  0.7  571.895
18  0.9  408.936
18  1.1  289.204
18  1.3  203.346
18  1.5  142.974
18  1.7  100.996
18  1.9  71.8692
18  2.1  51.6547
18  2.3  37.4544
18  2.5  27.5337
18  2.7  20.4457
18  2.9  15.3434
18  3.1  11.6695
18  3.3  8.96221
18  3.5  6.95343
18  3.7  5.446
18  3.9  4.30689
18  4.1  3.43521
18  4.3  2.75993
18  4.5  2.23555
18  4.7  1.82482
18  4.9  1.50035
18  5.1  1.24036
18  5.3  1.03155
18  5.5  0.863096
18  5.7  0.72538
18  5.9  0.613708
18  6.1  0.521344
18  6.3  0.444153
18  6.5  0.380848
18  6.7  0.327722
18  6.9  0.28259
18  7.1  0.244851
18  7.3  0.212919
18  7.5  0.185837
18  7.7  0.162691
18  7.9  0.142836
18  8.1  0.125827
18  8.3  0.11101
18  8.5  0.0982859
18  8.7  0.0871322
18  8.9  0.0775416
18  9.1  0.0691332
18  9.3  0.0618295
18  9.5  0.0553361
18  9.7  0.0497008
18  9.9  0.0446745
18  10.1  0.040239
18  10.3  0.0363152
18  10.5  0.0327771
18  10.7  0.0297112
18  10.9  0.0269194
18  11.1  0.0244775
18  11.3  0.0222761
18  11.5  0.0203085
18  11.7  0.0185358
18  11.9  0.0169411
20  0.1  1292.58
20  0.3  1002.08
20  0.5  756.506
20  0.7  551.952
20  0.9  393.973
20  1.1  277.971
20  1.3  195.1
20  1.5  136.898
20  1.7  96.5531
20  1.9  68.6034
20  2.1  49.2421
20  2.3  35.6604
20  2.5  26.1945
20  2.7  19.4207
20  2.9  14.5783
20  3.1  11.0812
20  3.3  8.50788
20  3.5  6.59745
20  3.7  5.16035
20  3.9  4.08444
20  4.1  3.2575
20  4.3  2.61778
20  4.5  2.11845
20  4.7  1.72888
20  4.9  1.42031
20  5.1  1.17553
20  5.3  0.97744
20  5.5  0.81761
20  5.7  0.686972
20  5.9  0.581091
20  6.1  0.493519
20  6.3  0.420409
20  6.5  0.360322
20  6.7  0.309887
20  6.9  0.267448
20  7.1  0.231619
20  7.3  0.201477
20  7.5  0.175834
20  7.7  0.153901
20  7.9  0.135121
20  8.1  0.119037
20  8.3  0.105026
20  8.5  0.0928308
20  8.7  0.0824422
20  8.9  0.0733559
20  9.1  0.0654109
20  9.3  0.0584638
20  9.5  0.0523423
20  9.7  0.0469833
20  9.9  0.0422274
20  10.1  0.0380359
20  10.3  0.0343157
20  10.5  0.0310241
20  10.7  0.028086
20  10.9  0.0254716
20  11.1  0.0231336
20  11.3  0.0210495
20  11.5  0.0191937
20  11.7  0.0175176
20  11.9  0.0159992
22  0.1  1237.73
22  0.3  959.398
22  0.5  723.376
22  0.7  527.492
22  0.9  375.596
22  1.1  264.627
22  1.3  185.339
22  1.5  129.841
22  1.7  91.4782
22  1.9  64.9538
22  2.1  46.6178
22  2.3  33.8369
22  2.5  24.8866
22  2.7  18.5272
22  2.9  13.967
22  3.1  10.6818
22  3.3  8.26727
22  3.5  6.47669
22  3.7  5.12801
22  3.9  3.99906
22  4.1  3.14438
22  4.3  2.4851
22  4.5  1.98351
22  4.7  1.61427
22  4.9  1.32595
22  5.1  1.09725
22  5.3  0.912238
22  5.5  0.762089
22  5.7  0.641135
22  5.9  0.541402
22  6.1  0.459825
22  6.3  0.392112
22  6.5  0.336057
22  6.7  0.28877
22  6.9  0.249519
22  7.1  0.216083
22  7.3  0.187769
22  7.5  0.163849
22  7.7  0.143419
22  7.9  0.125834
22  8.1  0.110787
22  8.3  0.0978338
22  8.5  0.0864975
22  8.7  0.0767438
22  8.9  0.0682559
22  9.1  0.0609057
22  9.3  0.0544175
22  9.5  0.0486895
22  9.7  0.0437367
22  9.9  0.0393076
22  10.1  0.035397
22  10.3  0.0319384
22  10.5  0.0288618
22  10.7  0.0261235
22  10.9  0.0236962
22  11.1  0.0215389
22  11.3  0.0195892
22  11.5  0.0178451
22  11.7  0.0162954
22  11.9  0.0148885
24  0.1  1168.73
24  0.3  905.73
24  0.5  682.16
24  0.7  496.209
24  0.9  352.631
24  1.1  247.434
24  1.3  172.644
24  1.5  120.466
24  1.7  84.505
24  1.9  59.7992
24  2.1  42.7779
24  2.3  30.9187
24  2.5  22.6356
24  2.7  16.7472
24  2.9  12.5633
24  3.1  9.52579
24  3.3  7.29827
24  3.5  5.65886
24  3.7  4.42625
24  3.9  3.49675
24  4.1  2.7847
24  4.3  2.23683
24  4.5  1.81062
24  4.7  1.4767
24  4.9  1.21254
24  5.1  1.00246
24  5.3  0.833316
24  5.5  0.696541
24  5.7  0.585752
24  5.9  0.494956
24  6.1  0.419865
24  6.3  0.357961
24  6.5  0.306907
24  6.7  0.263846
24  6.9  0.227415
24  7.1  0.196957
24  7.3  0.171493
24  7.5  0.149414
24  7.7  0.1309
24  7.9  0.114752
24  8.1  0.101003
24  8.3  0.0891701
24  8.5  0.07884
24  8.7  0.0699167
24  8.9  0.0622416
24  9.1  0.0555036
24  9.3  0.0495423
24  9.5  0.0444136
24  9.7  0.0398113
24  9.9  0.0358048
24  10.1  0.0322441
24  10.3  0.0290802
24  10.5  0.0262845
24  10.7  0.0237883
24  10.9  0.0215776
24  11.1  0.019606
24  11.3  0.0178339
24  11.5  0.0162581
24  11.7  0.0148336
24  11.9  0.0135522
26  0.1  1080.55
26  0.3  837.707
26  0.5  630.408
26  0.7  457.233
26  0.9  323.761
26  1.1  226.172
26  1.3  157.167
26  1.5  109.247
26  1.7  76.3675
26  1.9  53.8944
26  2.1  38.4256
26  2.3  27.7252
26  2.5  20.2608
26  2.7  14.9806
26  2.9  11.2047
26  3.1  8.49589
26  3.3  6.50805
26  3.5  5.0387
26  3.7  3.93897
26  3.9  3.1106
26  4.1  2.47493
26  4.3  1.98892
26  4.5  1.60892
26  4.7  1.31083
26  4.9  1.07584
26  5.1  0.889547
26  5.3  0.739279
26  5.5  0.617366
26  5.7  0.518966
26  5.9  0.438481
26  6.1  0.371798
26  6.3  0.316956
26  6.5  0.271722
26  6.7  0.233512
26  6.9  0.201449
26  7.1  0.174366
26  7.3  0.151617
26  7.5  0.132244
26  7.7  0.115739
26  7.9  0.101484
26  8.1  0.0893136
26  8.3  0.0787682
26  8.5  0.0697099
26  8.7  0.0618064
26  8.9  0.0549309
26  9.1  0.0490147
26  9.3  0.0437697
26  9.5  0.0392024
26  9.7  0.035164
26  9.9  0.0316076
26  10.1  0.0284524
26  10.3  0.025668
26  10.5  0.023184
26  10.7  0.0209859
26  10.9  0.019032
26  11.1  0.0172962
26  11.3  0.0157279
26  11.5  0.0143397
26  11.7  0.0130672
26  11.9  0.0119422
28  0.1  968.689
28  0.3  750.485
28  0.5  564.162
28  0.7  407.898
28  0.9  287.388
28  1.1  199.632
28  1.3  137.919
28  1.5  95.4215
28  1.7  66.4164
28  1.9  46.6669
28  2.1  33.1558
28  2.3  23.8741
28  2.5  17.3927
28  2.7  12.8445
28  2.9  9.58925
28  3.1  7.26233
28  3.3  5.55676
28  3.5  4.29672
28  3.7  3.3529
28  3.9  2.64731
28  4.1  2.10728
28  4.3  1.69059
28  4.5  1.36676
28  4.7  1.11289
28  4.9  0.913077
28  5.1  0.754699
28  5.3  0.626735
28  5.5  0.5236
28  5.7  0.439572
28  5.9  0.371195
28  6.1  0.315032
28  6.3  0.268235
28  6.5  0.229621
28  6.7  0.197441
28  6.9  0.170082
28  7.1  0.147407
28  7.3  0.128071
28  7.5  0.111617
28  7.7  0.0976978
28  7.9  0.0856929
28  8.1  0.0753982
28  8.3  0.0664907
28  8.5  0.0587918
28  8.7  0.0521103
28  8.9  0.0463492
28  9.1  0.0413238
28  9.3  0.0369144
28  9.5  0.0330374
28  9.7  0.0296323
28  9.9  0.0266336
28  10.1  0.0239669
28  10.3  0.0216133
28  10.5  0.0195247
28  10.7  0.0176467
28  10.9  0.0160045
28  11.1  0.0145508
28  11.3  0.0132394
28  11.5  0.0120604
28  11.7  0.0110023
28  11.9  0.0100444
30  0.1  828.985
30  0.3  641.909
30  0.5  481.718
30  0.7  346.607
30  0.9  242.54
30  1.1  167.255
30  1.3  114.769
30  1.5  78.8477
30  1.7  54.58
30  1.9  38.1631
30  2.1  27.0075
30  2.3  19.3559
30  2.5  14.0753
30  2.7  10.3673
30  2.9  7.7312
30  3.1  5.83299
30  3.3  4.46036
30  3.5  3.44387
30  3.7  2.68352
30  3.9  2.11705
30  4.1  1.68323
30  4.3  1.34928
30  4.5  1.08945
30  4.7  0.886999
30  4.9  0.727325
30  5.1  0.600177
30  5.3  0.498175
30  5.5  0.415904
30  5.7  0.348679
30  5.9  0.294595
30  6.1  0.249585
30  6.3  0.212647
30  6.5  0.181853
30  6.7  0.15633
30  6.9  0.134811
30  7.1  0.11657
30  7.3  0.10127
30  7.5  0.0881994
30  7.7  0.0771606
30  7.9  0.0676931
30  8.1  0.0595492
30  8.3  0.0524976
30  8.5  0.0463803
30  8.7  0.0411167
30  8.9  0.0365326
30  9.1  0.0325643
30  9.3  0.0290671
30  9.5  0.0260441
30  9.7  0.0233551
30  9.9  0.0209643
30  10.1  0.0188665
30  10.3  0.0170158
30  10.5  0.0153583
30  10.7  0.0138986
30  10.9  0.0125964
30  11.1  0.011437
30  11.3  0.0104121
30  11.5  0.00948866
30  11.7  0.00864598
30  11.9  0.00789519
32  0.1  665.479
32  0.3  515.172
32  0.5  385.386
32  0.7  275.808
32  0.9  191.279
32  1.1  130.691
32  1.3  88.8393
32  1.5  60.5376
32  1.7  41.6078
32  1.9  28.9438
32  2.1  20.3624
32  2.3  14.5412
32  2.5  10.526
32  2.7  7.72991
32  2.9  5.74861
32  3.1  4.33029
32  3.3  3.30053
32  3.5  2.54417
32  3.7  1.98063
32  3.9  1.55854
32  4.1  1.23771
32  4.3  0.990842
32  4.5  0.799047
32  4.7  0.649315
32  4.9  0.531606
32  5.1  0.438496
32  5.3  0.363717
32  5.5  0.303499
32  5.7  0.254269
32  5.9  0.214367
32  6.1  0.181782
32  6.3  0.154887
32  6.5  0.132371
32  6.7  0.113493
32  6.9  0.0977083
32  7.1  0.0845077
32  7.3  0.073423
32  7.5  0.0639984
32  7.7  0.0559028
32  7.9  0.049
32  8.1  0.0430909
32  8.3  0.0379625
32  8.5  0.0335271
32  8.7  0.0297099
32  8.9  0.0263719
32  9.1  0.0234941
32  9.3  0.0209878
32  9.5  0.018786
32  9.7  0.0168407
32  9.9  0.0151289
32  10.1  0.0136047
32  10.3  0.0122597
32  10.5  0.0110818
32  10.7  0.0100126
32  10.9  0.00909006
32  11.1  0.00825401
32  11.3  0.00750873
32  11.5  0.00682949
32  11.7  0.00623353
32  11.9  0.00569921
