# fragmentation : LHAPDF (data/prompt-D0-1-109/prompt-D0-1-109_0050.dat, member 0, Q=1.5)
# channel       : An0n
#   dipole file dir       : data/Pb/mve/glauber_mve_<b>
#   pD0 loop             : 0.1 to 12.0 GeV, step 0.2
#   fixed rapidity y      : 4.0
# ============================================================
# b  pD0  dsigma_dyd2pD0
0  0.1  10.2965
0  0.3  7.20651
0  0.5  4.53041
0  0.7  2.60538
0  0.9  1.42628
0  1.1  0.762614
0  1.3  0.404371
0  1.5  0.214334
0  1.7  0.114119
0  1.9  0.0612269
0  2.1  0.033133
0  2.3  0.0180876
0  2.5  0.00997492
0  2.7  0.00554909
0  2.9  0.00311755
0  3.1  0.00176768
0  3.3  0.001011
0  3.5  0.000583542
0  3.7  0.000339358
0  3.9  0.000198899
0  4.1  0.00011744
0  4.3  6.98338e-05
0  4.5  4.18006e-05
0  4.7  2.51862e-05
0  4.9  1.52666e-05
0  5.1  9.30902e-06
0  5.3  5.70622e-06
0  5.5  3.51717e-06
0  5.7  2.17832e-06
0  5.9  1.35558e-06
0  6.1  8.47552e-07
0  6.3  5.32264e-07
0  6.5  3.35745e-07
0  6.7  2.12392e-07
0  6.9  1.35029e-07
0  7.1  8.61116e-08
0  7.3  5.51311e-08
0  7.5  3.54092e-08
0  7.7  2.28193e-08
0  7.9  1.475e-08
0  8.1  9.56098e-09
0  8.3  6.21437e-09
0  8.5  4.05165e-09
0  8.7  2.64916e-09
0  8.9  1.73685e-09
0  9.1  1.14126e-09
0  9.3  7.51462e-10
0  9.5  4.96041e-10
0  9.7  3.28276e-10
0  9.9  2.17666e-10
0  10.1  1.44746e-10
0  10.3  9.63637e-11
0  10.5  6.42625e-11
0  10.7  4.29885e-11
0  10.9  2.87768e-11
0  11.1  1.93208e-11
0  11.3  1.29857e-11
0  11.5  8.74023e-12
0  11.7  5.89721e-12
0  11.9  3.98263e-12
2  0.1  10.2899
2  0.3  7.20189
2  0.5  4.52748
2  0.7  2.60364
2  0.9  1.42529
2  1.1  0.762065
2  1.3  0.404066
2  1.5  0.214164
2  1.7  0.114025
2  1.9  0.0611738
2  2.1  0.0331034
2  2.3  0.0180707
2  2.5  0.00996486
2  2.7  0.0055436
2  2.9  0.00311435
2  3.1  0.00176582
2  3.3  0.00100991
2  3.5  0.000582904
2  3.7  0.000338978
2  3.9  0.000198673
2  4.1  0.000117304
2  4.3  6.97517e-05
2  4.5  4.1751e-05
2  4.7  2.51559e-05
2  4.9  1.5248e-05
2  5.1  9.29758e-06
2  5.3  5.69912e-06
2  5.5  3.51277e-06
2  5.7  2.17557e-06
2  5.9  1.35386e-06
2  6.1  8.46466e-07
2  6.3  5.31577e-07
2  6.5  3.35233e-07
2  6.7  2.12114e-07
2  6.9  1.34851e-07
2  7.1  8.59973e-08
2  7.3  5.50577e-08
2  7.5  3.53618e-08
2  7.7  2.27887e-08
2  7.9  1.47305e-08
2  8.1  9.54838e-09
2  8.3  6.20616e-09
2  8.5  4.04645e-09
2  8.7  2.64564e-09
2  8.9  1.73444e-09
2  9.1  1.13967e-09
2  9.3  7.50411e-10
2  9.5  4.95343e-10
2  9.7  3.27812e-10
2  9.9  2.17359e-10
2  10.1  1.4454e-10
2  10.3  9.62261e-11
2  10.5  6.41708e-11
2  10.7  4.29285e-11
2  10.9  2.87355e-11
2  11.1  1.92933e-11
2  11.3  1.2967e-11
2  11.5  8.72743e-12
2  11.7  5.88862e-12
2  11.9  3.97681e-12
4  0.1  10.2702
4  0.3  7.18799
4  0.5  4.51864
4  0.7  2.59839
4  0.9  1.42232
4  1.1  0.760394
4  1.3  0.403131
4  1.5  0.213649
4  1.7  0.113739
4  1.9  0.0610147
4  2.1  0.0330127
4  2.3  0.0180197
4  2.5  0.00993563
4  2.7  0.00552676
4  2.9  0.00310457
4  3.1  0.00176023
4  3.3  0.00100663
4  3.5  0.000580988
4  3.7  0.000337833
4  3.9  0.000197989
4  4.1  0.000116893
4  4.3  6.95044e-05
4  4.5  4.15991e-05
4  4.7  2.50646e-05
4  4.9  1.51921e-05
4  5.1  9.26315e-06
4  5.3  5.67781e-06
4  5.5  3.49953e-06
4  5.7  2.16719e-06
4  5.9  1.34859e-06
4  6.1  8.43125e-07
4  6.3  5.29475e-07
4  6.5  3.33878e-07
4  6.7  2.11254e-07
4  6.9  1.34302e-07
4  7.1  8.56484e-08
4  7.3  5.48299e-08
4  7.5  3.52152e-08
4  7.7  2.26946e-08
4  7.9  1.46687e-08
4  8.1  9.5083e-09
4  8.3  6.18019e-09
4  8.5  4.02926e-09
4  8.7  2.63459e-09
4  8.9  1.72721e-09
4  9.1  1.13486e-09
4  9.3  7.47274e-10
4  9.5  4.93467e-10
4  9.7  3.26496e-10
4  9.9  2.16531e-10
4  10.1  1.43874e-10
4  10.3  9.58233e-11
4  10.5  6.39018e-11
4  10.7  4.27174e-11
4  10.9  2.86203e-11
4  11.1  1.9213e-11
4  11.3  1.29064e-11
4  11.5  8.68955e-12
4  11.7  5.86355e-12
4  11.9  3.96001e-12
6  0.1  10.2367
6  0.3  7.16447
6  0.5  4.50374
6  0.7  2.58952
6  0.9  1.41729
6  1.1  0.757589
6  1.3  0.40158
6  1.5  0.212785
6  1.7  0.113258
6  1.9  0.060745
6  2.1  0.032861
6  2.3  0.0179336
6  2.5  0.00988647
6  2.7  0.00549859
6  2.9  0.00308829
6  3.1  0.00175079
6  3.3  0.00100111
6  3.5  0.000577728
6  3.7  0.00033591
6  3.9  0.000196839
6  4.1  0.000116203
6  4.3  6.90881e-05
6  4.5  4.13493e-05
6  4.7  2.49097e-05
6  4.9  1.50976e-05
6  5.1  9.20492e-06
6  5.3  5.64175e-06
6  5.5  3.47697e-06
6  5.7  2.15326e-06
6  5.9  1.33986e-06
6  6.1  8.37639e-07
6  6.3  5.25993e-07
6  6.5  3.317e-07
6  6.7  2.09857e-07
6  6.9  1.33409e-07
6  7.1  8.50701e-08
6  7.3  5.44629e-08
6  7.5  3.49778e-08
6  7.7  2.25403e-08
6  7.9  1.45693e-08
6  8.1  9.4434e-09
6  8.3  6.1377e-09
6  8.5  4.00158e-09
6  8.7  2.61627e-09
6  8.9  1.71513e-09
6  9.1  1.12694e-09
6  9.3  7.41984e-10
6  9.5  4.89784e-10
6  9.7  3.24105e-10
6  9.9  2.14898e-10
6  10.1  1.42898e-10
6  10.3  9.51315e-11
6  10.5  6.34383e-11
6  10.7  4.24379e-11
6  10.9  2.84054e-11
6  11.1  1.90602e-11
6  11.3  1.2817e-11
6  11.5  8.62602e-12
6  11.7  5.82017e-12
6  11.9  3.93051e-12
8  0.1  10.1886
8  0.3  7.13043
8  0.5  4.4821
8  0.7  2.5768
8  0.9  1.41003
8  1.1  0.753623
8  1.3  0.399332
8  1.5  0.211543
8  1.7  0.112559
8  1.9  0.0603569
8  2.1  0.0326441
8  2.3  0.0178102
8  2.5  0.0098162
8  2.7  0.00545826
8  2.9  0.00306498
8  3.1  0.00173728
8  3.3  0.000993211
8  3.5  0.000573071
8  3.7  0.000333147
8  3.9  0.000195193
8  4.1  0.000115218
8  4.3  6.8492e-05
8  4.5  4.09896e-05
8  4.7  2.46894e-05
8  4.9  1.49629e-05
8  5.1  9.12198e-06
8  5.3  5.59033e-06
8  5.5  3.44497e-06
8  5.7  2.13328e-06
8  5.9  1.3273e-06
8  6.1  8.2973e-07
8  6.3  5.20987e-07
8  6.5  3.28549e-07
8  6.7  2.07841e-07
8  6.9  1.32121e-07
8  7.1  8.42426e-08
8  7.3  5.39308e-08
8  7.5  3.46343e-08
8  7.7  2.23179e-08
8  7.9  1.4425e-08
8  8.1  9.34928e-09
8  8.3  6.07629e-09
8  8.5  3.9612e-09
8  8.7  2.58988e-09
8  8.9  1.69775e-09
8  9.1  1.11549e-09
8  9.3  7.34398e-10
8  9.5  4.8475e-10
8  9.7  3.20783e-10
8  9.9  2.12693e-10
8  10.1  1.41409e-10
8  10.3  9.41398e-11
8  10.5  6.27776e-11
8  10.7  4.19671e-11
8  10.9  2.81081e-11
8  11.1  1.88636e-11
8  11.3  1.26794e-11
8  11.5  8.53545e-12
8  11.7  5.75894e-12
8  11.9  3.89022e-12
10  0.1  10.1248
10  0.3  7.08591
10  0.5  4.45383
10  0.7  2.55991
10  0.9  1.4005
10  1.1  0.748226
10  1.3  0.396394
10  1.5  0.209901
10  1.7  0.111654
10  1.9  0.0598465
10  2.1  0.0323561
10  2.3  0.017647
10  2.5  0.00972315
10  2.7  0.00540503
10  2.9  0.00303426
10  3.1  0.00171942
10  3.3  0.000982759
10  3.5  0.000566919
10  3.7  0.0003295
10  3.9  0.000193019
10  4.1  0.000113915
10  4.3  6.77081e-05
10  4.5  4.05128e-05
10  4.7  2.43996e-05
10  4.9  1.47852e-05
10  5.1  9.01216e-06
10  5.3  5.52264e-06
10  5.5  3.40321e-06
10  5.7  2.10691e-06
10  5.9  1.31078e-06
10  6.1  8.19319e-07
10  6.3  5.14414e-07
10  6.5  3.24322e-07
10  6.7  2.0517e-07
10  6.9  1.30396e-07
10  7.1  8.31521e-08
10  7.3  5.32247e-08
10  7.5  3.41793e-08
10  7.7  2.20232e-08
10  7.9  1.42332e-08
10  8.1  9.22455e-09
10  8.3  5.99501e-09
10  8.5  3.90801e-09
10  8.7  2.55499e-09
10  8.9  1.67483e-09
10  9.1  1.10035e-09
10  9.3  7.24449e-10
10  9.5  4.78349e-10
10  9.7  3.16483e-10
10  9.9  2.09865e-10
10  10.1  1.39398e-10
10  10.3  9.28112e-11
10  10.5  6.19163e-11
10  10.7  4.13862e-11
10  10.9  2.77275e-11
10  11.1  1.86114e-11
10  11.3  1.25013e-11
10  11.5  8.42087e-12
10  11.7  5.67879e-12
10  11.9  3.83469e-12
12  0.1  10.0435
12  0.3  7.02878
12  0.5  4.41746
12  0.7  2.53839
12  0.9  1.38829
12  1.1  0.74143
12  1.3  0.392624
12  1.5  0.207803
12  1.7  0.110492
12  1.9  0.0591934
12  2.1  0.0319881
12  2.3  0.0174396
12  2.5  0.00960493
12  2.7  0.00533743
12  2.9  0.00299523
12  3.1  0.00169683
12  3.3  0.00096954
12  3.5  0.000559126
12  3.7  0.000324893
12  3.9  0.000190272
12  4.1  0.000112268
12  4.3  6.67156e-05
12  4.5  3.99128e-05
12  4.7  2.40319e-05
12  4.9  1.45604e-05
12  5.1  8.87386e-06
12  5.3  5.43707e-06
12  5.5  3.34976e-06
12  5.7  2.07368e-06
12  5.9  1.28996e-06
12  6.1  8.06178e-07
12  6.3  5.06129e-07
12  6.5  3.19162e-07
12  6.7  2.0185e-07
12  6.9  1.28277e-07
12  7.1  8.17756e-08
12  7.3  5.23436e-08
12  7.5  3.36107e-08
12  7.7  2.16546e-08
12  7.9  1.39943e-08
12  8.1  9.06882e-09
12  8.3  5.89314e-09
12  8.5  3.8435e-09
12  8.7  2.51136e-09
12  8.9  1.64614e-09
12  9.1  1.08146e-09
12  9.3  7.11945e-10
12  9.5  4.69942e-10
12  9.7  3.10909e-10
12  9.9  2.06136e-10
12  10.1  1.37028e-10
12  10.3  9.12151e-11
12  10.5  6.08208e-11
12  10.7  4.06556e-11
12  10.9  2.72277e-11
12  11.1  1.82701e-11
12  11.3  1.22796e-11
12  11.5  8.26584e-12
12  11.7  5.57715e-12
12  11.9  3.7671e-12
14  0.1  9.94218
14  0.3  6.95733
14  0.5  4.37197
14  0.7  2.51151
14  0.9  1.37305
14  1.1  0.732951
14  1.3  0.387918
14  1.5  0.205194
14  1.7  0.109045
14  1.9  0.0583871
14  2.1  0.0315324
14  2.3  0.0171823
14  2.5  0.00945826
14  2.7  0.00525368
14  2.9  0.00294685
14  3.1  0.00166884
14  3.3  0.000953182
14  3.5  0.000549487
14  3.7  0.000319193
14  3.9  0.000186878
14  4.1  0.000110235
14  4.3  6.54898e-05
14  4.5  3.91703e-05
14  4.7  2.35797e-05
14  4.9  1.42833e-05
14  5.1  8.70322e-06
14  5.3  5.33155e-06
14  5.5  3.28413e-06
14  5.7  2.03272e-06
14  5.9  1.26427e-06
14  6.1  7.90007e-07
14  6.3  4.95898e-07
14  6.5  3.12573e-07
14  6.7  1.97703e-07
14  6.9  1.2564e-07
14  7.1  8.00952e-08
14  7.3  5.12597e-08
14  7.5  3.29114e-08
14  7.7  2.12018e-08
14  7.9  1.37006e-08
14  8.1  8.87759e-09
14  8.3  5.7683e-09
14  8.5  3.76144e-09
14  8.7  2.45759e-09
14  8.9  1.61086e-09
14  9.1  1.0582e-09
14  9.3  6.96594e-10
14  9.5  4.59747e-10
14  9.7  3.04151e-10
14  9.9  2.01653e-10
14  10.1  1.34034e-10
14  10.3  8.92034e-11
14  10.5  5.94809e-11
14  10.7  3.97589e-11
14  10.9  2.66245e-11
14  11.1  1.78649e-11
14  11.3  1.20108e-11
14  11.5  8.08162e-12
14  11.7  5.45119e-12
14  11.9  3.68066e-12
16  0.1  9.81709
16  0.3  6.86897
16  0.5  4.31573
16  0.7  2.47881
16  0.9  1.35424
16  1.1  0.722465
16  1.3  0.382105
16  1.5  0.201981
16  1.7  0.107263
16  1.9  0.0573914
16  2.1  0.0309763
16  2.3  0.0168666
16  2.5  0.00928059
16  2.7  0.00515109
16  2.9  0.0028876
16  3.1  0.00163493
16  3.3  0.000933187
16  3.5  0.000537716
16  3.7  0.000312232
16  3.9  0.000182735
16  4.1  0.000107757
16  4.3  6.39965e-05
16  4.5  3.82664e-05
16  4.7  2.3028e-05
16  4.9  1.3946e-05
16  5.1  8.49548e-06
16  5.3  5.20321e-06
16  5.5  3.20442e-06
16  5.7  1.98294e-06
16  5.9  1.23305e-06
16  6.1  7.70332e-07
16  6.3  4.83432e-07
16  6.5  3.04672e-07
16  6.7  1.92665e-07
16  6.9  1.22439e-07
16  7.1  7.80351e-08
16  7.3  4.99365e-08
16  7.5  3.20592e-08
16  7.7  2.06491e-08
16  7.9  1.33421e-08
16  8.1  8.64414e-09
16  8.3  5.61597e-09
16  8.5  3.66199e-09
16  8.7  2.39238e-09
16  8.9  1.56793e-09
16  9.1  1.02988e-09
16  9.3  6.77857e-10
16  9.5  4.47412e-10
16  9.7  2.96116e-10
16  9.9  1.96206e-10
16  10.1  1.30402e-10
16  10.3  8.67775e-11
16  10.5  5.7859e-11
16  10.7  3.86702e-11
16  10.9  2.58941e-11
16  11.1  1.73678e-11
16  11.3  1.16734e-11
16  11.5  7.85869e-12
16  11.7  5.30061e-12
16  11.9  3.57848e-12
18  0.1  9.66246
18  0.3  6.76002
18  0.5  4.24629
18  0.7  2.43775
18  0.9  1.33102
18  1.1  0.709573
18  1.3  0.374946
18  1.5  0.198024
18  1.7  0.105073
18  1.9  0.0561699
18  2.1  0.0302875
18  2.3  0.0164806
18  2.5  0.00906149
18  2.7  0.00502588
18  2.9  0.00281546
18  3.1  0.00159318
18  3.3  0.000908848
18  3.5  0.000523364
18  3.7  0.000303784
18  3.9  0.000177707
18  4.1  0.000104745
18  4.3  6.21844e-05
18  4.5  3.71667e-05
18  4.7  2.2361e-05
18  4.9  1.35374e-05
18  5.1  8.24393e-06
18  5.3  5.04782e-06
18  5.5  3.10794e-06
18  5.7  1.92273e-06
18  5.9  1.19531e-06
18  6.1  7.46712e-07
18  6.3  4.6851e-07
18  6.5  2.95196e-07
18  6.7  1.86645e-07
18  6.9  1.1856e-07
18  7.1  7.55494e-08
18  7.3  4.83425e-08
18  7.5  3.10342e-08
18  7.7  1.99858e-08
18  7.9  1.29109e-08
18  8.1  8.36487e-09
18  8.3  5.43291e-09
18  8.5  3.54196e-09
18  8.7  2.31375e-09
18  8.9  1.5162e-09
18  9.1  9.95854e-10
18  9.3  6.55307e-10
18  9.5  4.32517e-10
18  9.7  2.86196e-10
18  9.9  1.89627e-10
18  10.1  1.26023e-10
18  10.3  8.38527e-11
18  10.5  5.5906e-11
18  10.7  3.73603e-11
18  10.9  2.50135e-11
18  11.1  1.67797e-11
18  11.3  1.12752e-11
18  11.5  7.5937e-12
18  11.7  5.11769e-12
18  11.9  3.45644e-12
20  0.1  9.4705
20  0.3  6.62474
20  0.5  4.16019
20  0.7  2.38684
20  0.9  1.30224
20  1.1  0.693584
20  1.3  0.366073
20  1.5  0.193134
20  1.7  0.102366
20  1.9  0.054665
20  2.1  0.0294439
20  2.3  0.0160066
20  2.5  0.00879031
20  2.7  0.00487258
20  2.9  0.00272721
20  3.1  0.00154218
20  3.3  0.000879142
20  3.5  0.00050592
20  3.7  0.000293483
20  3.9  0.000171582
20  4.1  0.000101085
20  4.3  5.99836e-05
20  4.5  3.5835e-05
20  4.7  2.155e-05
20  4.9  1.30416e-05
20  5.1  7.93702e-06
20  5.3  4.85938e-06
20  5.5  2.99095e-06
20  5.7  1.84978e-06
20  5.9  1.1496e-06
20  6.1  7.18038e-07
20  6.3  4.50293e-07
20  6.5  2.8362e-07
20  6.7  1.79365e-07
20  6.9  1.13895e-07
20  7.1  7.25629e-08
20  7.3  4.64178e-08
20  7.5  2.97885e-08
20  7.7  1.91797e-08
20  7.9  1.23898e-08
20  8.1  8.0232e-09
20  8.3  5.21157e-09
20  8.5  3.39526e-09
20  8.7  2.21882e-09
20  8.9  1.45381e-09
20  9.1  9.54704e-10
20  9.3  6.28138e-10
20  9.5  4.14551e-10
20  9.7  2.7426e-10
20  9.9  1.81787e-10
20  10.1  1.2074e-10
20  10.3  8.03223e-11
20  10.5  5.35493e-11
20  10.7  3.57804e-11
20  10.9  2.39518e-11
20  11.1  1.60641e-11
20  11.3  1.07951e-11
20  11.5  7.26972e-12
20  11.7  4.89709e-12
20  11.9  3.30761e-12
22  0.1  9.2287
22  0.3  6.45437
22  0.5  4.05194
22  0.7  2.32282
22  0.9  1.2661
22  1.1  0.673548
22  1.3  0.354975
22  1.5  0.187022
22  1.7  0.0989864
22  1.9  0.0527898
22  2.1  0.0284007
22  2.3  0.015419
22  2.5  0.00845737
22  2.7  0.00468291
22  2.9  0.00261826
22  3.1  0.00147926
22  3.3  0.000842584
22  3.5  0.000484509
22  3.7  0.000280822
22  3.9  0.00016406
22  4.1  9.65904e-05
22  4.3  5.72834e-05
22  4.5  3.42029e-05
22  4.7  2.05542e-05
22  4.9  1.24348e-05
22  5.1  7.56657e-06
22  5.3  4.62931e-06
22  5.5  2.84816e-06
22  5.7  1.76077e-06
22  5.9  1.09381e-06
22  6.1  6.8259e-07
22  6.3  4.28242e-07
22  6.5  2.69601e-07
22  6.7  1.70457e-07
22  6.9  1.08199e-07
22  7.1  6.89146e-08
22  7.3  4.40735e-08
22  7.5  2.82776e-08
22  7.7  1.82018e-08
22  7.9  1.17559e-08
22  8.1  7.61306e-09
22  8.3  4.94275e-09
22  8.5  3.21937e-09
22  8.7  2.10351e-09
22  8.9  1.37797e-09
22  9.1  9.04745e-10
22  9.3  5.95152e-10
22  9.5  3.92676e-10
22  9.7  2.59743e-10
22  9.9  1.72166e-10
22  10.1  1.14324e-10
22  10.3  7.60361e-11
22  10.5  5.06925e-11
22  10.7  3.3864e-11
22  10.9  2.26658e-11
22  11.1  1.52037e-11
22  11.3  1.02145e-11
22  11.5  6.87281e-12
22  11.7  4.63286e-12
22  11.9  3.13033e-12
24  0.1  8.91926
24  0.3  6.23606
24  0.5  3.91344
24  0.7  2.24117
24  0.9  1.21999
24  1.1  0.648019
24  1.3  0.340876
24  1.5  0.179278
24  1.7  0.0947477
24  1.9  0.0504195
24  2.1  0.0270784
24  2.3  0.0146787
24  2.5  0.00803898
24  2.7  0.00444514
24  2.9  0.00248202
24  3.1  0.00140005
24  3.3  0.000796889
24  3.5  0.000457699
24  3.7  0.000265052
24  3.9  0.000154721
24  4.1  9.10236e-05
24  4.3  5.39372e-05
24  4.5  3.21813e-05
24  4.7  1.9328e-05
24  4.9  1.16852e-05
24  5.1  7.1056e-06
24  5.3  4.34499e-06
24  5.5  2.67186e-06
24  5.7  1.65091e-06
24  5.9  1.02509e-06
24  6.1  6.39543e-07
24  6.3  4.00749e-07
24  6.5  2.52362e-07
24  6.7  1.59513e-07
24  6.9  1.012e-07
24  7.1  6.44327e-08
24  7.3  4.1194e-08
24  7.5  2.6421e-08
24  7.7  1.70023e-08
24  7.9  1.0978e-08
24  8.1  7.10722e-09
24  8.3  4.61318e-09
24  8.5  3.00382e-09
24  8.7  1.96215e-09
24  8.9  1.28432e-09
24  9.1  8.43521e-10
24  9.3  5.54909e-10
24  9.5  3.65913e-10
24  9.7  2.42025e-10
24  9.9  1.60375e-10
24  10.1  1.06486e-10
24  10.3  7.08035e-11
24  10.5  4.72083e-11
24  10.7  3.15203e-11
24  10.9  2.10972e-11
24  11.1  1.41474e-11
24  11.3  9.50076e-12
24  11.5  6.39413e-12
24  11.7  4.30917e-12
24  11.9  2.90872e-12
26  0.1  8.51429
26  0.3  5.95083
26  0.5  3.73235
26  0.7  2.1344
26  0.9  1.15966
26  1.1  0.614689
26  1.3  0.322551
26  1.5  0.16926
26  1.7  0.0892363
26  1.9  0.047388
26  2.1  0.02538
26  2.3  0.0137329
26  2.5  0.00750566
26  2.7  0.00414238
26  2.9  0.00230913
26  3.1  0.00130131
26  3.3  0.000739169
26  3.5  0.000423971
26  3.7  0.000245203
26  3.9  0.000142973
26  4.1  8.40243e-05
26  4.3  4.97403e-05
26  4.5  2.96494e-05
26  4.7  1.7791e-05
26  4.9  1.07474e-05
26  5.1  6.52851e-06
26  5.3  3.99021e-06
26  5.5  2.4521e-06
26  5.7  1.51406e-06
26  5.9  9.3956e-07
26  6.1  5.86048e-07
26  6.3  3.66886e-07
26  6.5  2.30928e-07
26  6.7  1.45896e-07
26  6.9  9.25147e-08
26  7.1  5.88748e-08
26  7.3  3.76232e-08
26  7.5  2.41207e-08
26  7.7  1.55166e-08
26  7.9  1.00147e-08
26  8.1  6.4809e-09
26  8.3  4.20525e-09
26  8.5  2.73729e-09
26  8.7  1.78744e-09
26  8.9  1.16956e-09
26  9.1  7.67854e-10
26  9.3  5.05179e-10
26  9.5  3.32973e-10
26  9.7  2.20202e-10
26  9.9  1.45758e-10
26  10.1  9.68141e-11
26  10.3  6.43435e-11
26  10.5  4.28904e-11
26  10.7  2.86604e-11
26  10.9  1.91786e-11
26  11.1  1.28476e-11
26  11.3  8.63081e-12
26  11.5  5.80254e-12
26  11.7  3.91083e-12
26  11.9  2.64068e-12
28  0.1  7.97528
28  0.3  5.57183
28  0.5  3.49174
28  0.7  1.99304
28  0.9  1.07999
28  1.1  0.570796
28  1.3  0.298592
28  1.5  0.156202
28  1.7  0.0820157
28  1.9  0.0434339
28  2.1  0.0231924
28  2.3  0.0125162
28  2.5  0.00682177
28  2.7  0.00375731
28  2.9  0.00208891
28  3.1  0.00117379
28  3.3  0.000665841
28  3.5  0.000381305
28  3.7  0.000220159
28  3.9  0.000128175
28  4.1  7.52212e-05
28  4.3  4.447e-05
28  4.5  2.64785e-05
28  4.7  1.58704e-05
28  4.9  9.57492e-06
28  5.1  5.81098e-06
28  5.3  3.54786e-06
28  5.5  2.17821e-06
28  5.7  1.34382e-06
28  5.9  8.33364e-07
28  6.1  5.19284e-07
28  6.3  3.2501e-07
28  6.5  2.04353e-07
28  6.7  1.28981e-07
28  6.9  8.17593e-08
28  7.1  5.20048e-08
28  7.3  3.3208e-08
28  7.5  2.12763e-08
28  7.7  1.36809e-08
28  7.9  8.82454e-09
28  8.1  5.70574e-09
28  8.3  3.70214e-09
28  8.5  2.4086e-09
28  8.7  1.57163e-09
28  8.9  1.0287e-09
28  9.1  6.74838e-10
28  9.3  4.43555e-10
28  9.5  2.92564e-10
28  9.7  1.93168e-10
28  9.9  1.27954e-10
28  10.1  8.48579e-11
28  10.3  5.64223e-11
28  10.5  3.75957e-11
28  10.7  2.51084e-11
28  10.9  1.67983e-11
28  11.1  1.12518e-11
28  11.3  7.55325e-12
28  11.5  5.07796e-12
28  11.7  3.42153e-12
28  11.9  2.30948e-12
30  0.1  7.26195
30  0.3  5.07019
30  0.5  3.1719
30  0.7  1.80589
30  0.9  0.975869
30  1.1  0.513408
30  1.3  0.267455
30  1.5  0.139178
30  1.7  0.0727843
30  1.9  0.0383769
30  2.1  0.0204115
30  2.3  0.0109714
30  2.5  0.00596054
30  2.7  0.00327196
30  2.9  0.00181357
30  3.1  0.00101618
30  3.3  0.000574981
30  3.5  0.000328471
30  3.7  0.000189231
30  3.9  0.00010996
30  4.1  6.44051e-05
30  4.3  3.80069e-05
30  4.5  2.25949e-05
30  4.7  1.35201e-05
30  4.9  8.14568e-06
30  5.1  4.93586e-06
30  5.3  3.00833e-06
30  5.5  1.84568e-06
30  5.7  1.13747e-06
30  5.9  7.04503e-07
30  6.1  4.38451e-07
30  6.3  2.74215e-07
30  6.5  1.72287e-07
30  6.7  1.08632e-07
30  6.9  6.88128e-08
30  7.1  4.37254e-08
30  7.3  2.79e-08
30  7.5  1.78611e-08
30  7.7  1.14739e-08
30  7.9  7.39245e-09
30  8.1  4.77943e-09
30  8.3  3.09825e-09
30  8.5  2.01595e-09
30  8.7  1.3143e-09
30  8.9  8.59403e-10
30  9.1  5.6357e-10
30  9.3  3.70466e-10
30  9.5  2.44086e-10
30  9.7  1.61261e-10
30  9.9  1.06683e-10
30  10.1  7.07784e-11
30  10.3  4.70426e-11
30  10.5  3.13159e-11
30  10.7  2.08943e-11
30  10.9  1.39783e-11
30  11.1  9.36709e-12
30  11.3  6.28867e-12
30  11.5  4.2271e-12
30  11.7  2.8469e-12
30  11.9  1.92122e-12
32  0.1  6.35753
32  0.3  4.43411
32  0.5  2.76925
32  0.7  1.57064
32  0.9  0.844295
32  1.1  0.441822
32  1.3  0.228791
32  1.5  0.118352
32  1.7  0.0615273
32  1.9  0.0322396
32  2.1  0.0170618
32  2.3  0.00912827
32  2.5  0.00493556
32  2.7  0.00269858
32  2.9  0.00149048
32  3.1  0.000832223
32  3.3  0.000469381
32  3.5  0.000267306
32  3.7  0.000153531
32  3.9  8.90268e-05
32  4.1  5.20481e-05
32  4.3  3.066e-05
32  4.5  1.81935e-05
32  4.7  1.08706e-05
32  4.9  6.54563e-06
32  5.1  3.96299e-06
32  5.3  2.41496e-06
32  5.5  1.47893e-06
32  5.7  9.11546e-07
32  5.9  5.64556e-07
32  6.1  3.5151e-07
32  6.3  2.19707e-07
32  6.5  1.37971e-07
32  6.7  8.70674e-08
32  6.9  5.51826e-08
32  7.1  3.51245e-08
32  7.3  2.24311e-08
32  7.5  1.43944e-08
32  7.7  9.26671e-09
32  7.9  5.98733e-09
32  8.1  3.87943e-09
32  8.3  2.52274e-09
32  8.5  1.64556e-09
32  8.7  1.07581e-09
32  8.9  6.99653e-10
32  9.1  4.55876e-10
32  9.3  2.97545e-10
32  9.5  1.94617e-10
32  9.7  1.27609e-10
32  9.9  8.38842e-11
32  10.1  5.53286e-11
32  10.3  3.66145e-11
32  10.5  2.43287e-11
32  10.7  1.62174e-11
32  10.9  1.08439e-11
32  11.1  7.26034e-12
32  11.3  4.86693e-12
32  11.5  3.27321e-12
32  11.7  2.20236e-12
32  11.9  1.48454e-12
