# fragmentation : BCFY (r=0.1)
# channel       : An0n
#   dipole file dir       : data/Pb/bk_posterior/member_0034/glauber_mve_<b>
#   pD0 loop             : 0.1 to 12.0 GeV, step 0.2
#   fixed rapidity y      : 0.0
# ============================================================
# b  pD0  dsigma_dyd2pD0
0  0.1  1177.71
0  0.3  929.255
0  0.5  733.493
0  0.7  571.901
0  0.9  442.394
0  1.1  341.149
0  1.3  262.786
0  1.5  202.348
0  1.7  155.979
0  1.9  120.423
0  2.1  93.2079
0  2.3  72.4248
0  2.5  56.5642
0  2.7  44.395
0  2.9  35.0418
0  3.1  27.842
0  3.3  22.2606
0  3.5  17.916
0  3.7  14.5031
0  3.9  11.8223
0  4.1  9.69024
0  4.3  7.99003
0  4.5  6.62317
0  4.7  5.52002
0  4.9  4.62486
0  5.1  3.89322
0  5.3  3.29218
0  5.5  2.79605
0  5.7  2.38435
0  5.9  2.04187
0  6.1  1.75531
0  6.3  1.51413
0  6.5  1.31083
0  6.7  1.1383
0  6.9  0.991024
0  7.1  0.865685
0  7.3  0.759247
0  7.5  0.667234
0  7.7  0.587904
0  7.9  0.518858
0  8.1  0.459375
0  8.3  0.407632
0  8.5  0.362638
0  8.7  0.323084
0  8.9  0.288557
0  9.1  0.258241
0  9.3  0.231523
0  9.5  0.207943
0  9.7  0.187127
0  9.9  0.168646
0  10.1  0.152218
0  10.3  0.137617
0  10.5  0.12461
0  10.7  0.113028
0  10.9  0.102674
0  11.1  0.0934066
0  11.3  0.0850797
0  11.5  0.0775525
0  11.7  0.0708774
0  11.9  0.0648075
2  0.1  1176.56
2  0.3  928.345
2  0.5  732.771
2  0.7  571.327
2  0.9  441.939
2  1.1  340.783
2  1.3  262.492
2  1.5  202.109
2  1.7  155.788
2  1.9  120.269
2  2.1  93.0835
2  2.3  72.3248
2  2.5  56.4838
2  2.7  44.3306
2  2.9  34.9896
2  3.1  27.7998
2  3.3  22.2263
2  3.5  17.8881
2  3.7  14.4802
2  3.9  11.8035
2  4.1  9.6746
2  4.3  7.97691
2  4.5  6.61237
2  4.7  5.51098
2  4.9  4.61725
2  5.1  3.88676
2  5.3  3.2867
2  5.5  2.79138
2  5.7  2.38037
2  5.9  2.03844
2  6.1  1.75235
2  6.3  1.51156
2  6.5  1.3086
2  6.7  1.13636
2  6.9  0.989316
2  7.1  0.86421
2  7.3  0.757946
2  7.5  0.666081
2  7.7  0.586893
2  7.9  0.517961
2  8.1  0.458586
2  8.3  0.40693
2  8.5  0.362008
2  8.7  0.322521
2  8.9  0.288058
2  9.1  0.257793
2  9.3  0.23112
2  9.5  0.207581
2  9.7  0.186799
2  9.9  0.168351
2  10.1  0.151955
2  10.3  0.137375
2  10.5  0.124392
2  10.7  0.112821
2  10.9  0.102493
2  11.1  0.0932453
2  11.3  0.0849271
2  11.5  0.077414
2  11.7  0.0707505
2  11.9  0.0646971
4  0.1  1173.09
4  0.3  925.599
4  0.5  730.587
4  0.7  569.593
4  0.9  440.564
4  1.1  339.681
4  1.3  261.606
4  1.5  201.391
4  1.7  155.211
4  1.9  119.803
4  2.1  92.7081
4  2.3  72.0231
4  2.5  56.241
4  2.7  44.1357
4  2.9  34.8321
4  3.1  27.6725
4  3.3  22.1228
4  3.5  17.8039
4  3.7  14.4113
4  3.9  11.7467
4  4.1  9.62766
4  4.3  7.93817
4  4.5  6.57977
4  4.7  5.48371
4  4.9  4.5943
4  5.1  3.86734
4  5.3  3.27016
4  5.5  2.77728
4  5.7  2.36832
4  5.9  2.02813
4  6.1  1.74348
4  6.3  1.50386
4  6.5  1.30191
4  6.7  1.13052
4  6.9  0.984203
4  7.1  0.859729
4  7.3  0.754048
4  7.5  0.662627
4  7.7  0.583846
4  7.9  0.515264
4  8.1  0.456203
4  8.3  0.404807
4  8.5  0.360112
4  8.7  0.320842
4  8.9  0.28637
4  9.1  0.256443
4  9.3  0.229907
4  9.5  0.206492
4  9.7  0.185809
4  9.9  0.167458
4  10.1  0.151132
4  10.3  0.136644
4  10.5  0.123739
4  10.7  0.112206
4  10.9  0.101945
4  11.1  0.0926776
4  11.3  0.0844247
4  11.5  0.0770006
4  11.7  0.0703704
4  11.9  0.0643406
6  0.1  1167.19
6  0.3  920.953
6  0.5  726.9
6  0.7  566.664
6  0.9  438.24
6  1.1  337.821
6  1.3  260.109
6  1.5  200.18
6  1.7  154.237
6  1.9  119.005
6  2.1  92.0753
6  2.3  71.5145
6  2.5  55.8306
6  2.7  43.7944
6  2.9  34.5665
6  3.1  27.4578
6  3.3  21.9485
6  3.5  17.662
6  3.7  14.2951
6  3.9  11.651
6  4.1  9.5486
6  4.3  7.87253
6  4.5  6.52495
6  4.7  5.43775
6  4.9  4.55556
6  5.1  3.83464
6  5.3  3.24238
6  5.5  2.75358
6  5.7  2.34801
6  5.9  2.01067
6  6.1  1.72841
6  6.3  1.49092
6  6.5  1.29066
6  6.7  1.12075
6  6.9  0.975643
6  7.1  0.852219
6  7.3  0.747497
6  7.5  0.656808
6  7.7  0.578698
6  7.9  0.510721
6  8.1  0.452159
6  8.3  0.401218
6  8.5  0.356919
6  8.7  0.317988
6  8.9  0.283996
6  9.1  0.254129
6  9.3  0.227856
6  9.5  0.204639
6  9.7  0.184145
6  9.9  0.165953
6  10.1  0.149783
6  10.3  0.135415
6  10.5  0.122614
6  10.7  0.1112
6  10.9  0.101021
6  11.1  0.091904
6  11.3  0.0836566
6  11.5  0.0763034
6  11.7  0.0697316
6  11.9  0.0637666
8  0.1  1158.7
8  0.3  914.318
8  0.5  721.619
8  0.7  562.462
8  0.9  434.918
8  1.1  335.162
8  1.3  257.972
8  1.5  198.451
8  1.7  152.843
8  1.9  117.885
8  2.1  91.1727
8  2.3  70.7909
8  2.5  55.2486
8  2.7  43.3388
8  2.9  34.189
8  3.1  27.1525
8  3.3  21.7002
8  3.5  17.4599
8  3.7  14.1297
8  3.9  11.5148
8  4.1  9.4361
8  4.3  7.77509
8  4.5  6.44714
8  4.7  5.37252
8  4.9  4.50063
8  5.1  3.78824
8  5.3  3.20287
8  5.5  2.71994
8  5.7  2.31916
8  5.9  1.98587
8  6.1  1.70704
8  6.3  1.47243
8  6.5  1.27461
8  6.7  1.10681
8  6.9  0.963471
8  7.1  0.841583
8  7.3  0.738119
8  7.5  0.64857
8  7.7  0.57142
8  7.9  0.504273
8  8.1  0.446434
8  8.3  0.396126
8  8.5  0.352375
8  8.7  0.313963
8  8.9  0.280374
8  9.1  0.250886
8  9.3  0.224935
8  9.5  0.202026
8  9.7  0.181795
8  9.9  0.163824
8  10.1  0.147871
8  10.3  0.133678
8  10.5  0.121044
8  10.7  0.109773
8  10.9  0.0997244
8  11.1  0.090718
8  11.3  0.0826269
8  11.5  0.0753115
8  11.7  0.0688224
8  11.9  0.0629364
10  0.1  1147.64
10  0.3  905.536
10  0.5  714.617
10  0.7  556.906
10  0.9  430.524
10  1.1  331.643
10  1.3  255.146
10  1.5  196.166
10  1.7  151.005
10  1.9  116.407
10  2.1  89.9839
10  2.3  69.8367
10  2.5  54.4807
10  2.7  42.7239
10  2.9  33.6921
10  3.1  26.751
10  3.3  21.3741
10  3.5  17.1947
10  3.7  13.9126
10  3.9  11.3361
10  4.1  9.2885
10  4.3  7.65421
10  4.5  6.3448
10  4.7  5.28687
10  4.9  4.42847
10  5.1  3.72718
10  5.3  3.15109
10  5.5  2.67582
10  5.7  2.28137
10  5.9  1.95339
10  6.1  1.67898
10  6.3  1.4482
10  6.5  1.25353
10  6.7  1.08856
10  6.9  0.947467
10  7.1  0.82809
10  7.3  0.725824
10  7.5  0.63772
10  7.7  0.561844
10  7.9  0.495827
10  8.1  0.438957
10  8.3  0.389478
10  8.5  0.346449
10  8.7  0.308629
10  8.9  0.275626
10  9.1  0.246629
10  9.3  0.221097
10  9.5  0.198582
10  9.7  0.178688
10  9.9  0.161012
10  10.1  0.145323
10  10.3  0.131371
10  10.5  0.11896
10  10.7  0.107886
10  10.9  0.0980131
10  11.1  0.0891648
10  11.3  0.0812126
10  11.5  0.0740209
10  11.7  0.0676489
10  11.9  0.0618548
12  0.1  1133.78
12  0.3  894.383
12  0.5  705.734
12  0.7  549.848
12  0.9  424.947
12  1.1  327.209
12  1.3  251.562
12  1.5  193.276
12  1.7  148.682
12  1.9  114.539
12  2.1  88.4826
12  2.3  68.6301
12  2.5  53.5126
12  2.7  41.9465
12  2.9  33.0665
12  3.1  26.2456
12  3.3  20.9642
12  3.5  16.8607
12  3.7  13.6395
12  3.9  11.1086
12  4.1  9.10283
12  4.3  7.49953
12  4.5  6.21635
12  4.7  5.1792
12  4.9  4.33786
12  5.1  3.65056
12  5.3  3.0859
12  5.5  2.62039
12  5.7  2.23384
12  5.9  1.91257
12  6.1  1.64376
12  6.3  1.41784
12  6.5  1.22709
12  6.7  1.06483
12  6.9  0.927424
12  7.1  0.810549
12  7.3  0.710321
12  7.5  0.624105
12  7.7  0.549813
12  7.9  0.485532
12  8.1  0.429536
12  8.3  0.381093
12  8.5  0.338971
12  8.7  0.30199
12  8.9  0.269656
12  9.1  0.241296
12  9.3  0.216305
12  9.5  0.194275
12  9.7  0.174797
12  9.9  0.157509
12  10.1  0.142158
12  10.3  0.128498
12  10.5  0.116351
12  10.7  0.105512
12  10.9  0.0958477
12  11.1  0.0871322
12  11.3  0.0794138
12  11.5  0.0723839
12  11.7  0.0661022
12  11.9  0.0604737
14  0.1  1116.51
14  0.3  880.079
14  0.5  694.699
14  0.7  541.082
14  0.9  418.023
14  1.1  321.663
14  1.3  247.112
14  1.5  189.713
14  1.7  145.804
14  1.9  112.234
14  2.1  86.6302
14  2.3  67.1478
14  2.5  52.3233
14  2.7  40.9903
14  2.9  32.298
14  3.1  25.6253
14  3.3  20.4607
14  3.5  16.447
14  3.7  13.3049
14  3.9  10.8336
14  4.1  8.87578
14  4.3  7.31266
14  4.5  6.05947
14  4.7  5.04736
14  4.9  4.22686
14  5.1  3.55683
14  5.3  3.00465
14  5.5  2.55245
14  5.7  2.1757
14  5.9  1.86263
14  6.1  1.60073
14  6.3  1.38049
14  6.5  1.19475
14  6.7  1.03733
14  6.9  0.902745
14  7.1  0.789008
14  7.3  0.69142
14  7.5  0.607471
14  7.7  0.535112
14  7.9  0.472218
14  8.1  0.41801
14  8.3  0.370851
14  8.5  0.329846
14  8.7  0.293834
14  8.9  0.262221
14  9.1  0.234794
14  9.3  0.210447
14  9.5  0.188991
14  9.7  0.170034
14  9.9  0.153217
14  10.1  0.138293
14  10.3  0.125005
14  10.5  0.113172
14  10.7  0.102629
14  10.9  0.0932249
14  11.1  0.0847364
14  11.3  0.0772388
14  11.5  0.0703983
14  11.7  0.0642946
14  11.9  0.0588214
16  0.1  1094.77
16  0.3  863.034
16  0.5  681.162
16  0.7  530.374
16  0.9  409.532
16  1.1  314.866
16  1.3  241.655
16  1.5  185.362
16  1.7  142.303
16  1.9  109.425
16  2.1  84.379
16  2.3  65.3443
16  2.5  50.8822
16  2.7  39.8326
16  2.9  31.3682
16  3.1  24.8753
16  3.3  19.8529
16  3.5  15.9526
16  3.7  12.9006
16  3.9  10.5015
16  4.1  8.60062
16  4.3  7.08518
16  4.5  5.86936
16  4.7  4.88835
16  4.9  4.09305
16  5.1  3.44369
16  5.3  2.91021
16  5.5  2.47071
16  5.7  2.10564
16  5.9  1.80247
16  6.1  1.5489
16  6.3  1.33561
16  6.5  1.15581
16  6.7  1.00348
16  6.9  0.873252
16  7.1  0.763122
16  7.3  0.668692
16  7.5  0.587459
16  7.7  0.51743
16  7.9  0.456576
16  8.1  0.404132
16  8.3  0.358503
16  8.5  0.318845
16  8.7  0.284008
16  8.9  0.253439
16  9.1  0.226908
16  9.3  0.203391
16  9.5  0.182642
16  9.7  0.164321
16  9.9  0.148069
16  10.1  0.133622
16  10.3  0.120783
16  10.5  0.109344
16  10.7  0.0991623
16  10.9  0.0900686
16  11.1  0.0818619
16  11.3  0.0746201
16  11.5  0.0680043
16  11.7  0.0621368
16  11.9  0.0568161
18  0.1  1068.51
18  0.3  842.191
18  0.5  664.603
18  0.7  517.275
18  0.9  399.156
18  1.1  306.575
18  1.3  235.022
18  1.5  180.07
18  1.7  138.057
18  1.9  106.018
18  2.1  81.6776
18  2.3  63.1889
18  2.5  49.1409
18  2.7  38.4386
18  2.9  30.2494
18  3.1  23.9736
18  3.3  19.1306
18  3.5  15.3591
18  3.7  12.4156
18  3.9  10.1033
18  4.1  8.2717
18  4.3  6.81231
18  4.5  5.64209
18  4.7  4.69799
18  4.9  3.93292
18  5.1  3.30823
18  5.3  2.79533
18  5.5  2.37099
18  5.7  2.02181
18  5.9  1.73042
18  6.1  1.48676
18  6.3  1.28196
18  6.5  1.10917
18  6.7  0.962884
18  6.9  0.837859
18  7.1  0.732127
18  7.3  0.641492
18  7.5  0.563521
18  7.7  0.496305
18  7.9  0.438155
18  8.1  0.387538
18  8.3  0.343771
18  8.5  0.305718
18  8.7  0.272305
18  8.9  0.242979
18  9.1  0.217536
18  9.3  0.194964
18  9.5  0.175069
18  9.7  0.157495
18  9.9  0.141878
18  10.1  0.128046
18  10.3  0.11572
18  10.5  0.104762
18  10.7  0.0949898
18  10.9  0.086281
18  11.1  0.0784235
18  11.3  0.0714734
18  11.5  0.0651774
18  11.7  0.0595164
18  11.9  0.0544205
20  0.1  1036.45
20  0.3  816.656
20  0.5  644.285
20  0.7  501.22
20  0.9  386.439
20  1.1  296.475
20  1.3  226.943
20  1.5  173.609
20  1.7  132.882
20  1.9  101.883
20  2.1  78.3783
20  2.3  60.5565
20  2.5  47.0405
20  2.7  36.7586
20  2.9  28.9011
20  3.1  22.8885
20  3.3  18.2521
20  3.5  14.6462
20  3.7  11.8336
20  3.9  9.62567
20  4.1  7.87763
20  4.3  6.48558
20  4.5  5.36966
20  4.7  4.46981
20  4.9  3.74071
20  5.1  3.14617
20  5.3  2.65785
20  5.5  2.25375
20  5.7  1.92164
20  5.9  1.64428
20  6.1  1.41261
20  6.3  1.21779
20  6.5  1.05344
20  6.7  0.914394
20  6.9  0.795556
20  7.1  0.695017
20  7.3  0.608912
20  7.5  0.534867
20  7.7  0.471005
20  7.9  0.415792
20  8.1  0.367709
20  8.3  0.326134
20  8.5  0.290034
20  8.7  0.25816
20  8.9  0.230655
20  9.1  0.206339
20  9.3  0.184901
20  9.5  0.166007
20  9.7  0.149312
20  9.9  0.134522
20  10.1  0.121379
20  10.3  0.109696
20  10.5  0.0992974
20  10.7  0.0900197
20  10.9  0.0817582
20  11.1  0.0743105
20  11.3  0.0677312
20  11.5  0.061761
20  11.7  0.056403
20  11.9  0.0515711
22  0.1  996.412
22  0.3  784.986
22  0.5  619.038
22  0.7  481.368
22  0.9  370.644
22  1.1  283.97
22  1.3  217.008
22  1.5  165.628
22  1.7  126.538
22  1.9  96.8275
22  2.1  74.3556
22  2.3  57.3529
22  2.5  44.4671
22  2.7  34.7146
22  2.9  27.2713
22  3.1  21.5779
22  3.3  17.1938
22  3.5  13.7907
22  3.7  11.1323
22  3.9  9.0498
22  4.1  7.40465
22  4.3  6.09291
22  4.5  5.04215
22  4.7  4.19576
22  4.9  3.51008
22  5.1  2.95141
22  5.3  2.49256
22  5.5  2.11448
22  5.7  1.80128
22  5.9  1.54094
22  6.1  1.3236
22  6.3  1.14072
22  6.5  0.986646
22  6.7  0.8562
22  6.9  0.745178
22  7.1  0.650564
22  7.3  0.569871
22  7.5  0.500527
22  7.7  0.440714
22  7.9  0.389004
22  8.1  0.34397
22  8.3  0.305038
22  8.5  0.27123
22  8.7  0.241373
22  8.9  0.215631
22  9.1  0.192884
22  9.3  0.172831
22  9.5  0.155165
22  9.7  0.139563
22  9.9  0.125722
22  10.1  0.113437
22  10.3  0.10245
22  10.5  0.0927718
22  10.7  0.0840861
22  10.9  0.0763631
22  11.1  0.0693955
22  11.3  0.0631927
22  11.5  0.0576644
22  11.7  0.0526561
22  11.9  0.0481464
24  0.1  946.061
24  0.3  745.139
24  0.5  587.365
24  0.7  456.339
24  0.9  350.883
24  1.1  268.31
24  1.3  204.523
24  1.5  155.725
24  1.7  118.671
24  1.9  90.5808
24  2.1  69.3974
24  2.3  53.419
24  2.5  41.3621
24  2.7  32.2261
24  2.9  25.2824
24  3.1  19.9806
24  3.3  15.9061
24  3.5  12.7482
24  3.7  10.2807
24  3.9  8.35412
24  4.1  6.8298
24  4.3  5.61681
24  4.5  4.64566
24  4.7  3.86396
24  4.9  3.23166
24  5.1  2.71603
24  5.3  2.29307
24  5.5  1.9446
24  5.7  1.65573
24  5.9  1.41612
24  6.1  1.21593
24  6.3  1.0479
24  6.5  0.90597
24  6.7  0.78601
24  6.9  0.68392
24  7.1  0.596968
24  7.3  0.522806
24  7.5  0.459134
24  7.7  0.4042
24  7.9  0.356693
24  8.1  0.315347
24  8.3  0.279599
24  8.5  0.248589
24  8.7  0.221201
24  8.9  0.197582
24  9.1  0.176596
24  9.3  0.15832
24  9.5  0.142114
24  9.7  0.127783
24  9.9  0.115087
24  10.1  0.103817
24  10.3  0.0937363
24  10.5  0.084842
24  10.7  0.0769278
24  10.9  0.0698636
24  11.1  0.0635354
24  11.3  0.0578138
24  11.5  0.0527455
24  11.7  0.0481613
24  11.9  0.0440196
26  0.1  881.656
26  0.3  694.253
26  0.5  547.01
26  0.7  424.528
26  0.9  325.756
26  1.1  248.433
26  1.3  188.771
26  1.5  143.253
26  1.7  108.799
26  1.9  82.7851
26  2.1  63.2088
26  2.3  48.5507
26  2.5  37.5076
26  2.7  29.1635
26  2.9  22.84
26  3.1  18.0292
26  3.3  14.3301
26  3.5  11.4708
26  3.7  9.24638
26  3.9  7.50077
26  4.1  6.12944
26  4.3  5.03703
26  4.5  4.16326
26  4.7  3.46074
26  4.9  2.89306
26  5.1  2.43001
26  5.3  2.05046
26  5.5  1.73814
26  5.7  1.47947
26  5.9  1.26486
26  6.1  1.08571
26  6.3  0.935276
26  6.5  0.808421
26  6.7  0.701095
26  6.9  0.609925
26  7.1  0.532155
26  7.3  0.465937
26  7.5  0.409019
26  7.7  0.359976
26  7.9  0.317578
26  8.1  0.280706
26  8.3  0.248968
26  8.5  0.221123
26  8.7  0.196777
26  8.9  0.175721
26  9.1  0.157144
26  9.3  0.140781
26  9.5  0.126345
26  9.7  0.113583
26  9.9  0.102283
26  10.1  0.092261
26  10.3  0.0833436
26  10.5  0.0754067
26  10.7  0.0683234
26  10.9  0.0620253
26  11.1  0.0563942
26  11.3  0.0513421
26  11.5  0.046803
26  11.7  0.0427145
26  11.9  0.0390426
28  0.1  798.814
28  0.3  629.104
28  0.5  494.99
28  0.7  383.48
28  0.9  293.612
28  1.1  223.108
28  1.3  168.832
28  1.5  127.532
28  1.7  96.4335
28  1.9  73.0723
28  2.1  55.5791
28  2.3  42.5402
28  2.5  32.7589
28  2.7  25.4115
28  2.9  19.8577
28  3.1  15.6373
28  3.3  12.4132
28  3.5  9.91785
28  3.7  7.98238
28  3.9  6.47199
28  4.1  5.28083
28  4.3  4.33513
28  4.5  3.5815
28  4.7  2.97333
28  4.9  2.48437
28  5.1  2.08545
28  5.3  1.75779
28  5.5  1.49005
28  5.7  1.26749
28  5.9  1.08305
28  6.1  0.92916
28  6.3  0.800049
28  6.5  0.69126
28  6.7  0.599218
28  6.9  0.521076
28  7.1  0.45442
28  7.3  0.397727
28  7.5  0.349017
28  7.7  0.307065
28  7.9  0.270855
28  8.1  0.239277
28  8.3  0.21216
28  8.5  0.188285
28  8.7  0.167578
28  8.9  0.149578
28  9.1  0.133705
28  9.3  0.119736
28  9.5  0.107477
28  9.7  0.0966202
28  9.9  0.0869859
28  10.1  0.0784496
28  10.3  0.0708548
28  10.5  0.0640373
28  10.7  0.0580559
28  10.9  0.0526506
28  11.1  0.0478638
28  11.3  0.0435984
28  11.5  0.0397366
28  11.7  0.0362547
28  11.9  0.0331265
30  0.1  694.091
30  0.3  546.08
30  0.5  429.546
30  0.7  332.054
30  0.9  253.29
30  1.1  191.531
30  1.3  144.112
30  1.5  108.19
30  1.7  81.2795
30  1.9  61.2711
30  2.1  46.3936
30  2.3  35.3511
30  2.5  27.1189
30  2.7  20.9683
30  2.9  16.3417
30  3.1  12.839
30  3.3  10.1593
30  3.5  8.10345
30  3.7  6.51288
30  3.9  5.27103
30  4.1  4.29474
30  4.3  3.52176
30  4.5  2.90467
30  4.7  2.40982
30  4.9  2.01062
30  5.1  1.68634
30  5.3  1.42005
30  5.5  1.20202
30  5.7  1.02236
30  5.9  0.872861
30  6.1  0.748387
30  6.3  0.643903
30  6.5  0.555959
30  6.7  0.481592
30  6.9  0.418535
30  7.1  0.364789
30  7.3  0.319055
30  7.5  0.279862
30  7.7  0.246127
30  7.9  0.217011
30  8.1  0.191769
30  8.3  0.169822
30  8.5  0.15063
30  8.7  0.134018
30  8.9  0.119542
30  9.1  0.106892
30  9.3  0.0956928
30  9.5  0.0858111
30  9.7  0.0771062
30  9.9  0.0694025
30  10.1  0.0625602
30  10.3  0.0564755
30  10.5  0.0510827
30  10.7  0.0462605
30  10.9  0.0419753
30  11.1  0.0381098
30  11.3  0.0347057
30  11.5  0.0316176
30  11.7  0.0288567
30  11.9  0.0263641
32  0.1  569.747
32  0.3  447.942
32  0.5  351.815
32  0.7  271.205
32  0.9  205.853
32  1.1  154.635
32  1.3  115.466
32  1.5  86.0247
32  1.7  64.1486
32  1.9  48.0266
32  2.1  36.1318
32  2.3  27.3722
32  2.5  20.9007
32  2.7  16.0902
32  2.9  12.49
32  3.1  9.77848
32  3.3  7.72221
32  3.5  6.14231
32  3.7  4.92366
32  3.9  3.97644
32  4.1  3.23435
32  4.3  2.64575
32  4.5  2.17839
32  4.7  1.80422
32  4.9  1.50433
32  5.1  1.26009
32  5.3  1.05977
32  5.5  0.895957
32  5.7  0.761196
32  5.9  0.648909
32  6.1  0.556093
32  6.3  0.478094
32  6.5  0.412219
32  6.7  0.357043
32  6.9  0.310009
32  7.1  0.270009
32  7.3  0.235991
32  7.5  0.206815
32  7.7  0.181734
32  7.9  0.160125
32  8.1  0.141406
32  8.3  0.125067
32  8.5  0.111019
32  8.7  0.0986251
32  8.9  0.0879174
32  9.1  0.0785421
32  9.3  0.070297
32  9.5  0.0630509
32  9.7  0.0566236
32  9.9  0.0509671
32  10.1  0.0459273
32  10.3  0.0414085
32  10.5  0.0374585
32  10.7  0.0338632
32  10.9  0.0307439
32  11.1  0.0279295
32  11.3  0.0254099
32  11.5  0.0231293
32  11.7  0.0211182
32  11.9  0.0192817
34  0.1  437.515
34  0.3  343.902
34  0.5  269.636
34  0.7  207.029
34  0.9  156.135
34  1.1  116.311
34  1.3  86.0417
34  1.5  63.5067
34  1.7  46.9283
34  1.9  34.8544
34  2.1  26.0192
34  2.3  19.5775
34  2.5  14.8659
34  2.7  11.3842
34  2.9  8.79554
34  3.1  6.85983
34  3.3  5.39779
34  3.5  4.27743
34  3.7  3.41779
34  3.9  2.7534
34  4.1  2.2347
34  4.3  1.82474
34  4.5  1.49826
34  4.7  1.23933
34  4.9  1.03086
34  5.1  0.861268
34  5.3  0.724149
34  5.5  0.610696
34  5.7  0.518195
34  5.9  0.441171
34  6.1  0.377617
34  6.3  0.324101
34  6.5  0.279238
34  6.7  0.241446
34  6.9  0.209513
34  7.1  0.182277
34  7.3  0.159036
34  7.5  0.139275
34  7.7  0.122393
34  7.9  0.107737
34  8.1  0.0950619
34  8.3  0.0840771
34  8.5  0.0745022
34  8.7  0.0662593
34  8.9  0.0589822
34  9.1  0.052659
34  9.3  0.0471039
34  9.5  0.0422024
34  9.7  0.0378921
34  9.9  0.0340576
34  10.1  0.0306726
34  10.3  0.0276665
34  10.5  0.0249998
34  10.7  0.0226267
34  10.9  0.0205169
34  11.1  0.0186218
34  11.3  0.0169353
34  11.5  0.015423
34  11.7  0.014066
34  11.9  0.0128454
