# fragmentation : LHAPDF (data/prompt-D0-1-109/prompt-D0-1-109_0044.dat, member 0, Q=1.5)
# channel       : An0n
#   dipole file dir       : data/Pb/mve/glauber_mve_<b>
#   pD0 loop             : 0.1 to 12.0 GeV, step 0.2
#   fixed rapidity y      : 3.0
# ============================================================
# b  pD0  dsigma_dyd2pD0
0  0.1  111.564
0  0.3  81.035
0  0.5  55.4391
0  0.7  36.1575
0  0.9  23.0646
0  1.1  14.6331
0  1.3  9.28444
0  1.5  5.92714
0  1.7  3.8119
0  1.9  2.47264
0  2.1  1.61878
0  2.3  1.06997
0  2.5  0.714294
0  2.7  0.481367
0  2.9  0.327349
0  3.1  0.224695
0  3.3  0.15559
0  3.5  0.108631
0  3.7  0.0764262
0  3.9  0.0542074
0  4.1  0.0387154
0  4.3  0.027842
0  4.5  0.0201539
0  4.7  0.0146796
0  4.9  0.0107557
0  5.1  0.00792661
0  5.3  0.00587107
0  5.5  0.00437105
0  5.7  0.00326982
0  5.9  0.00245799
0  6.1  0.00185537
0  6.3  0.00140638
0  6.5  0.00107002
0  6.7  0.00081742
0  6.9  0.000626879
0  7.1  0.000482183
0  7.3  0.000372213
0  7.5  0.000288224
0  7.7  0.000223892
0  7.9  0.000174438
0  8.1  0.000136322
0  8.3  0.00010675
0  8.5  8.39037e-05
0  8.7  6.60296e-05
0  8.9  5.21446e-05
0  9.1  4.12412e-05
0  9.3  3.27043e-05
0  9.5  2.59928e-05
0  9.7  2.07011e-05
0  9.9  1.6517e-05
0  10.1  1.32085e-05
0  10.3  1.05815e-05
0  10.5  8.49163e-06
0  10.7  6.82436e-06
0  10.9  5.49676e-06
0  11.1  4.43401e-06
0  11.3  3.5817e-06
0  11.5  2.89869e-06
0  11.7  2.34936e-06
0  11.9  1.90681e-06
2  0.1  111.484
2  0.3  80.9766
2  0.5  55.3985
2  0.7  36.1305
2  0.9  23.0467
2  1.1  14.6213
2  1.3  9.27657
2  1.5  5.92185
2  1.7  3.80835
2  1.9  2.47023
2  2.1  1.61714
2  2.3  1.06884
2  2.5  0.713521
2  2.7  0.480832
2  2.9  0.326976
2  3.1  0.224431
2  3.3  0.155403
2  3.5  0.108498
2  3.7  0.0763314
2  3.9  0.0541391
2  4.1  0.0386661
2  4.3  0.0278061
2  4.5  0.0201276
2  4.7  0.0146602
2  4.9  0.0107413
2  5.1  0.00791593
2  5.3  0.00586309
2  5.5  0.00436508
2  5.7  0.00326533
2  5.9  0.00245456
2  6.1  0.00185276
2  6.3  0.00140438
2  6.5  0.00106849
2  6.7  0.000816248
2  6.9  0.000625975
2  7.1  0.000481483
2  7.3  0.000371671
2  7.5  0.000287804
2  7.7  0.000223565
2  7.9  0.000174182
2  8.1  0.000136119
2  8.3  0.000106591
2  8.5  8.37789e-05
2  8.7  6.59309e-05
2  8.9  5.20662e-05
2  9.1  4.1179e-05
2  9.3  3.26549e-05
2  9.5  2.59533e-05
2  9.7  2.06696e-05
2  9.9  1.64918e-05
2  10.1  1.31883e-05
2  10.3  1.05652e-05
2  10.5  8.47852e-06
2  10.7  6.81373e-06
2  10.9  5.48823e-06
2  11.1  4.42709e-06
2  11.3  3.57609e-06
2  11.5  2.89415e-06
2  11.7  2.34567e-06
2  11.9  1.90381e-06
4  0.1  111.241
4  0.3  80.7998
4  0.5  55.2758
4  0.7  36.0485
4  0.9  22.9925
4  1.1  14.5857
4  1.3  9.25275
4  1.5  5.90574
4  1.7  3.79764
4  1.9  2.46294
4  2.1  1.61218
4  2.3  1.06541
4  2.5  0.711173
4  2.7  0.479197
4  2.9  0.32584
4  3.1  0.223628
4  3.3  0.15484
4  3.5  0.108073
4  3.7  0.0760653
4  3.9  0.0539292
4  4.1  0.038517
4  4.3  0.0276983
4  4.5  0.0200486
4  4.7  0.0146016
4  4.9  0.0106975
4  5.1  0.00788387
4  5.3  0.00583963
4  5.5  0.00434758
4  5.7  0.00325156
4  5.9  0.0024433
4  6.1  0.00184438
4  6.3  0.00139812
4  6.5  0.00106395
4  6.7  0.000812726
4  6.9  0.000623393
4  7.1  0.000479535
4  7.3  0.000370031
4  7.5  0.000286672
4  7.7  0.0002227
4  7.9  0.000173416
4  8.1  0.000135477
4  8.3  0.000106129
4  8.5  8.33629e-05
4  8.7  6.56314e-05
4  8.9  5.1838e-05
4  9.1  4.10088e-05
4  9.3  3.2521e-05
4  9.5  2.58368e-05
4  9.7  2.05807e-05
4  9.9  1.64278e-05
4  10.1  1.31296e-05
4  10.3  1.05159e-05
4  10.5  8.43682e-06
4  10.7  6.78213e-06
4  10.9  5.46205e-06
4  11.1  4.40607e-06
4  11.3  3.55991e-06
4  11.5  2.88106e-06
4  11.7  2.33579e-06
4  11.9  1.89465e-06
6  0.1  110.832
6  0.3  80.5024
6  0.5  55.0694
6  0.7  35.9108
6  0.9  22.9016
6  1.1  14.5252
6  1.3  9.21263
6  1.5  5.87884
6  1.7  3.77951
6  1.9  2.45066
6  2.1  1.60381
6  2.3  1.05972
6  2.5  0.707181
6  2.7  0.476469
6  2.9  0.323939
6  3.1  0.222312
6  3.3  0.153894
6  3.5  0.107429
6  3.7  0.0755628
6  3.9  0.0535879
6  4.1  0.0382677
6  4.3  0.0275163
6  4.5  0.0199148
6  4.7  0.0145034
6  4.9  0.0106251
6  5.1  0.00782968
6  5.3  0.00579881
6  5.5  0.00431687
6  5.7  0.00322893
6  5.9  0.00242703
6  6.1  0.00183195
6  6.3  0.00138855
6  6.5  0.00105631
6  6.7  0.000806901
6  6.9  0.000618767
6  7.1  0.000475919
6  7.3  0.000367356
6  7.5  0.000284447
6  7.7  0.000220949
6  7.9  0.000172136
6  8.1  0.000134513
6  8.3  0.000105331
6  8.5  8.27799e-05
6  8.7  6.51277e-05
6  8.9  5.1444e-05
6  9.1  4.06868e-05
6  9.3  3.22632e-05
6  9.5  2.56417e-05
6  9.7  2.04203e-05
6  9.9  1.63015e-05
6  10.1  1.30283e-05
6  10.3  1.04367e-05
6  10.5  8.37557e-06
6  10.7  6.73083e-06
6  10.9  5.41884e-06
6  11.1  4.37142e-06
6  11.3  3.5329e-06
6  11.5  2.85897e-06
6  11.7  2.31663e-06
6  11.9  1.88034e-06
8  0.1  110.244
8  0.3  80.0752
8  0.5  54.773
8  0.7  35.7182
8  0.9  22.771
8  1.1  14.4383
8  1.3  9.15517
8  1.5  5.84018
8  1.7  3.75352
8  1.9  2.43307
8  2.1  1.59121
8  2.3  1.05153
8  2.5  0.70137
8  2.7  0.472556
8  2.9  0.321211
8  3.1  0.220395
8  3.3  0.152544
8  3.5  0.106465
8  3.7  0.0748769
8  3.9  0.053094
8  4.1  0.0379103
8  4.3  0.027256
8  4.5  0.0197242
8  4.7  0.0143632
8  4.9  0.0105215
8  5.1  0.0077526
8  5.3  0.0057413
8  5.5  0.00427378
8  5.7  0.00319654
8  5.9  0.00240249
8  6.1  0.00181336
8  6.3  0.00137434
8  6.5  0.00104544
8  6.7  0.000798564
8  6.9  0.000612345
8  7.1  0.000470959
8  7.3  0.000363511
8  7.5  0.000281457
8  7.7  0.000218616
8  7.9  0.000170314
8  8.1  0.000133083
8  8.3  0.000104206
8  8.5  8.18979e-05
8  8.7  6.44458e-05
8  8.9  5.08926e-05
8  9.1  4.02461e-05
8  9.3  3.19136e-05
8  9.5  2.53623e-05
8  9.7  2.01978e-05
8  9.9  1.61146e-05
8  10.1  1.28861e-05
8  10.3  1.03224e-05
8  10.5  8.28329e-06
8  10.7  6.65646e-06
8  10.9  5.36112e-06
8  11.1  4.32449e-06
8  11.3  3.49317e-06
8  11.5  2.82707e-06
8  11.7  2.29101e-06
8  11.9  1.85936e-06
10  0.1  109.463
10  0.3  79.5079
10  0.5  54.3791
10  0.7  35.4551
10  0.9  22.5975
10  1.1  14.3234
10  1.3  9.07909
10  1.5  5.78896
10  1.7  3.71921
10  1.9  2.40979
10  2.1  1.57537
10  2.3  1.04068
10  2.5  0.693913
10  2.7  0.467348
10  2.9  0.317601
10  3.1  0.217856
10  3.3  0.150753
10  3.5  0.10517
10  3.7  0.0739926
10  3.9  0.0524339
10  4.1  0.0374373
10  4.3  0.0269126
10  4.5  0.0194738
10  4.7  0.0141786
10  4.9  0.0103847
10  5.1  0.00765111
10  5.3  0.00566638
10  5.5  0.00421764
10  5.7  0.00315363
10  5.9  0.00236921
10  6.1  0.00178811
10  6.3  0.00135521
10  6.5  0.00103111
10  6.7  0.000787518
10  6.9  0.000603979
10  7.1  0.000464526
10  7.3  0.000358407
10  7.5  0.000277621
10  7.7  0.000215642
10  7.9  0.000167899
10  8.1  0.000131176
10  8.3  0.000102732
10  8.5  8.06857e-05
10  8.7  6.3519e-05
10  8.9  5.01624e-05
10  9.1  3.96794e-05
10  9.3  3.14642e-05
10  9.5  2.50068e-05
10  9.7  1.99107e-05
10  9.9  1.58853e-05
10  10.1  1.26958e-05
10  10.3  1.0168e-05
10  10.5  8.15827e-06
10  10.7  6.55821e-06
10  10.9  5.28012e-06
10  11.1  4.26001e-06
10  11.3  3.44199e-06
10  11.5  2.78591e-06
10  11.7  2.25691e-06
10  11.9  1.832e-06
12  0.1  108.47
12  0.3  78.7977
12  0.5  53.8783
12  0.7  35.1209
12  0.9  22.3771
12  1.1  14.1679
12  1.3  8.98235
12  1.5  5.7241
12  1.7  3.67269
12  1.9  2.38025
12  2.1  1.55531
12  2.3  1.02693
12  2.5  0.684657
12  2.7  0.460841
12  2.9  0.313051
12  3.1  0.214671
12  3.3  0.1485
12  3.5  0.103597
12  3.7  0.0728262
12  3.9  0.0516175
12  4.1  0.0368437
12  4.3  0.0264796
12  4.5  0.0191564
12  4.7  0.0139456
12  4.9  0.010213
12  5.1  0.00752325
12  5.3  0.00557046
12  5.5  0.00414572
12  5.7  0.00309997
12  5.9  0.0023295
12  6.1  0.00175785
12  6.3  0.00133206
12  6.5  0.00101309
12  6.7  0.000773717
12  6.9  0.000593197
12  7.1  0.000456173
12  7.3  0.000352041
12  7.5  0.00027255
12  7.7  0.000211671
12  7.9  0.000164885
12  8.1  0.000128825
12  8.3  0.000100861
12  8.5  7.9259e-05
12  8.7  6.23629e-05
12  8.9  4.92422e-05
12  9.1  3.89382e-05
12  9.3  3.0874e-05
12  9.5  2.45337e-05
12  9.7  1.95363e-05
12  9.9  1.55856e-05
12  10.1  1.24606e-05
12  10.3  9.98197e-06
12  10.5  8.00939e-06
12  10.7  6.43603e-06
12  10.9  5.18319e-06
12  11.1  4.18082e-06
12  11.3  3.37681e-06
12  11.5  2.73268e-06
12  11.7  2.21441e-06
12  11.9  1.79752e-06
14  0.1  107.233
14  0.3  77.8964
14  0.5  53.2541
14  0.7  34.7046
14  0.9  22.1024
14  1.1  13.9861
14  1.3  8.86127
14  1.5  5.64336
14  1.7  3.61842
14  1.9  2.34359
14  2.1  1.53044
14  2.3  1.00994
14  2.5  0.672988
14  2.7  0.452728
14  2.9  0.307421
14  3.1  0.210728
14  3.3  0.145718
14  3.5  0.101621
14  3.7  0.0714135
14  3.9  0.0506008
14  4.1  0.0361085
14  4.3  0.025946
14  4.5  0.0187663
14  4.7  0.0136586
14  4.9  0.0100009
14  5.1  0.00736566
14  5.3  0.00545299
14  5.5  0.00405763
14  5.7  0.0030336
14  5.9  0.00227936
14  6.1  0.00171976
14  6.3  0.00130304
14  6.5  0.000990917
14  6.7  0.000756697
14  6.9  0.000580101
14  7.1  0.000446051
14  7.3  0.000344201
14  7.5  0.000266459
14  7.7  0.000206922
14  7.9  0.000161172
14  8.1  0.00012591
14  8.3  9.85902e-05
14  8.5  7.74173e-05
14  8.7  6.09361e-05
14  8.9  4.8116e-05
14  9.1  3.80438e-05
14  9.3  3.0163e-05
14  9.5  2.39671e-05
14  9.7  1.9084e-05
14  9.9  1.52241e-05
14  10.1  1.21707e-05
14  10.3  9.74926e-06
14  10.5  7.82225e-06
14  10.7  6.28543e-06
14  10.9  5.06154e-06
14  11.1  4.08251e-06
14  11.3  3.29744e-06
14  11.5  2.66816e-06
14  11.7  2.16201e-06
14  11.9  1.75494e-06
16  0.1  105.719
16  0.3  76.7852
16  0.5  52.4841
16  0.7  34.1924
16  0.9  21.7638
16  1.1  13.7621
16  1.3  8.7128
16  1.5  5.5442
16  1.7  3.552
16  1.9  2.29864
16  2.1  1.49999
16  2.3  0.989111
16  2.5  0.658685
16  2.7  0.442807
16  2.9  0.300472
16  3.1  0.20591
16  3.3  0.14232
16  3.5  0.0991873
16  3.7  0.0696953
16  3.9  0.0493649
16  4.1  0.0352166
16  4.3  0.0252977
16  4.5  0.0182924
16  4.7  0.0133103
16  4.9  0.00974369
16  5.1  0.00717448
16  5.3  0.0053105
16  5.5  0.00395085
16  5.7  0.0029532
16  5.9  0.00221797
16  6.1  0.00167367
16  6.3  0.00126786
16  6.5  0.000964017
16  6.7  0.000736064
16  6.9  0.000564218
16  7.1  0.000433785
16  7.3  0.000334695
16  7.5  0.000259075
16  7.7  0.00020117
16  7.9  0.000156675
16  8.1  0.000122387
16  8.3  9.58242e-05
16  8.5  7.52747e-05
16  8.7  5.92063e-05
16  8.9  4.67547e-05
16  9.1  3.69632e-05
16  9.3  2.93042e-05
16  9.5  2.32827e-05
16  9.7  1.85377e-05
16  9.9  1.47872e-05
16  10.1  1.18205e-05
16  10.3  9.46812e-06
16  10.5  7.59612e-06
16  10.7  6.10321e-06
16  10.9  4.9145e-06
16  11.1  3.96354e-06
16  11.3  3.20126e-06
16  11.5  2.59025e-06
16  11.7  2.09868e-06
16  11.9  1.70345e-06
18  0.1  103.846
18  0.3  75.4059
18  0.5  51.5364
18  0.7  33.5618
18  0.9  21.3474
18  1.1  13.4874
18  1.3  8.53078
18  1.5  5.42279
18  1.7  3.47067
18  1.9  2.24381
18  2.1  1.4628
18  2.3  0.963783
18  2.5  0.641318
18  2.7  0.430841
18  2.9  0.292145
18  3.1  0.200078
18  3.3  0.138199
18  3.5  0.0962704
18  3.7  0.067615
18  3.9  0.047869
18  4.1  0.0341376
18  4.3  0.0245137
18  4.5  0.0177197
18  4.7  0.0128893
18  4.9  0.00943286
18  5.1  0.00694361
18  5.3  0.00513838
18  5.5  0.00382194
18  5.7  0.00285625
18  5.9  0.0021446
18  6.1  0.00161803
18  6.3  0.00122547
18  6.5  0.000931629
18  6.7  0.000711205
18  6.9  0.000545078
18  7.1  0.000419014
18  7.3  0.000323237
18  7.5  0.000250182
18  7.7  0.000194241
18  7.9  0.000151259
18  8.1  0.000118141
18  8.3  9.24922e-05
18  8.5  7.26063e-05
18  8.7  5.71227e-05
18  8.9  4.51106e-05
18  9.1  3.56603e-05
18  9.3  2.82687e-05
18  9.5  2.24574e-05
18  9.7  1.78791e-05
18  9.9  1.42609e-05
18  10.1  1.13984e-05
18  10.3  9.12941e-06
18  10.5  7.32361e-06
18  10.7  5.88392e-06
18  10.9  4.73751e-06
18  11.1  3.8207e-06
18  11.3  3.08549e-06
18  11.5  2.49637e-06
18  11.7  2.02293e-06
18  11.9  1.64153e-06
20  0.1  101.528
20  0.3  73.713
20  0.5  50.3646
20  0.7  32.7809
20  0.9  20.8327
20  1.1  13.1479
20  1.3  8.30625
20  1.5  5.27359
20  1.7  3.37086
20  1.9  2.17651
20  2.1  1.41735
20  2.3  0.932822
20  2.5  0.620075
20  2.7  0.416201
20  2.9  0.281995
20  3.1  0.192981
20  3.3  0.133201
20  3.5  0.0927277
20  3.7  0.0650902
20  3.9  0.0460595
20  4.1  0.0328299
20  4.3  0.0235643
20  4.5  0.0170279
20  4.7  0.01238
20  4.9  0.00905695
20  5.1  0.00666463
20  5.3  0.00493073
20  5.5  0.00366618
20  5.7  0.00273992
20  5.9  0.00205678
20  6.1  0.00155087
20  6.3  0.00117432
20  6.5  0.000892528
20  6.7  0.000681196
20  6.9  0.000522008
20  7.1  0.000401209
20  7.3  0.000309438
20  7.5  0.000239466
20  7.7  0.000185895
20  7.9  0.000144734
20  8.1  0.000113026
20  8.3  8.84777e-05
20  8.5  6.94497e-05
20  8.7  5.46282e-05
20  8.9  4.31342e-05
20  9.1  3.40932e-05
20  9.3  2.70224e-05
20  9.5  2.1465e-05
20  9.7  1.70875e-05
20  9.9  1.36279e-05
20  10.1  1.0891e-05
20  10.3  8.72216e-06
20  10.5  6.99643e-06
20  10.7  5.62054e-06
20  10.9  4.52467e-06
20  11.1  3.64883e-06
20  11.3  2.94654e-06
20  11.5  2.38382e-06
20  11.7  1.93154e-06
20  11.9  1.56724e-06
22  0.1  98.6189
22  0.3  71.5884
22  0.5  48.8951
22  0.7  31.8012
22  0.9  20.1885
22  1.1  12.731
22  1.3  8.02717
22  1.5  5.08761
22  1.7  3.24678
22  1.9  2.09309
22  2.1  1.36105
22  2.3  0.894601
22  2.5  0.593918
22  2.7  0.398104
22  2.9  0.269524
22  3.1  0.184264
22  3.3  0.127077
22  3.5  0.0883939
22  3.7  0.0620031
22  3.9  0.0438442
22  4.1  0.0312335
22  4.3  0.0224064
22  4.5  0.0161821
22  4.7  0.0117598
22  4.9  0.00859925
22  5.1  0.0063251
22  5.3  0.00467785
22  5.5  0.00347698
22  5.7  0.00259747
22  5.9  0.00194861
22  6.1  0.00146906
22  6.3  0.0011123
22  6.5  0.000845359
22  6.7  0.000645026
22  6.9  0.000494027
22  7.1  0.000379621
22  7.3  0.000292834
22  7.5  0.000226479
22  7.7  0.000175781
22  7.9  0.000136826
22  8.1  0.000106827
22  8.3  8.36517e-05
22  8.5  6.56178e-05
22  8.7  5.1598e-05
22  8.9  4.07425e-05
22  9.1  3.21967e-05
22  9.3  2.5515e-05
22  9.5  2.02653e-05
22  9.7  1.61294e-05
22  9.9  1.28619e-05
22  10.1  1.02773e-05
22  10.3  8.22946e-06
22  10.5  6.59821e-06
22  10.7  5.30148e-06
22  10.9  4.26768e-06
22  11.1  3.44117e-06
22  11.3  2.77859e-06
22  11.5  2.24754e-06
22  11.7  1.82088e-06
22  11.9  1.47706e-06
24  0.1  94.9046
24  0.3  68.8974
24  0.5  47.0384
24  0.7  30.5519
24  0.9  19.3743
24  1.1  12.1921
24  1.3  7.67232
24  1.5  4.85248
24  1.7  3.09017
24  1.9  1.98841
24  2.1  1.29056
24  2.3  0.846834
24  2.5  0.56123
24  2.7  0.375669
24  2.9  0.254024
24  3.1  0.173452
24  3.3  0.119498
24  3.5  0.0830363
24  3.7  0.0581894
24  3.9  0.0411145
24  4.1  0.0292696
24  4.3  0.0209803
24  4.5  0.0151425
24  4.7  0.0110001
24  4.9  0.00803686
24  5.1  0.00590841
24  5.3  0.0043674
24  5.5  0.00324469
24  5.7  0.00242223
24  5.9  0.00181705
24  6.1  0.0013693
24  6.3  0.00103624
24  6.5  0.000787303
24  6.7  0.000600733
24  6.9  0.000459806
24  7.1  0.000353215
24  7.3  0.000272258
24  7.5  0.000210602
24  7.7  0.000163414
24  7.9  0.000127173
24  8.1  9.92604e-05
24  8.3  7.77143e-05
24  8.5  6.09461e-05
24  8.7  4.79325e-05
24  8.9  3.78304e-05
24  9.1  2.98838e-05
24  9.3  2.36777e-05
24  9.5  1.88025e-05
24  9.7  1.49635e-05
24  9.9  1.193e-05
24  10.1  9.53055e-06
24  10.3  7.63063e-06
24  10.5  6.11752e-06
24  10.7  4.91412e-06
24  10.9  3.95503e-06
24  11.1  3.1886e-06
24  11.3  2.57424e-06
24  11.5  2.08208e-06
24  11.7  1.68658e-06
24  11.9  1.36813e-06
26  0.1  90.1192
26  0.3  65.3741
26  0.5  44.6036
26  0.7  28.9313
26  0.9  18.3095
26  1.1  11.4953
26  1.3  7.21484
26  1.5  4.55038
26  1.7  2.8902
26  1.9  1.85493
26  2.1  1.2009
26  2.3  0.786294
26  2.5  0.520056
26  2.7  0.347364
26  2.9  0.234531
26  3.1  0.159879
26  3.3  0.109996
26  3.5  0.0763366
26  3.7  0.0534415
26  3.9  0.0377104
26  4.1  0.0268201
26  4.3  0.0192061
26  4.5  0.0138497
26  4.7  0.0100533
26  4.9  0.00733943
26  5.1  0.00539212
26  5.3  0.00398322
26  5.5  0.00295817
26  5.7  0.0022063
26  5.9  0.00165432
26  6.1  0.00124602
26  6.3  0.000942151
26  6.5  0.000715517
26  6.7  0.000545737
26  6.9  0.000417775
26  7.1  0.000320677
26  7.3  0.000247077
26  7.5  0.000191046
26  7.7  0.000148206
26  7.9  0.000115291
26  8.1  8.99472e-05
26  8.3  7.03555e-05
26  8.5  5.51956e-05
26  8.7  4.33984e-05
26  8.9  3.42223e-05
26  9.1  2.70647e-05
26  9.3  2.14207e-05
26  9.5  1.70134e-05
26  9.7  1.35279e-05
26  9.9  1.07829e-05
26  10.1  8.61625e-06
26  10.3  6.89481e-06
26  10.5  5.52752e-06
26  10.7  4.4386e-06
26  10.9  3.57012e-06
26  11.1  2.87763e-06
26  11.3  2.3226e-06
26  11.5  1.87904e-06
26  11.7  1.52114e-06
26  11.9  1.2344e-06
28  0.1  83.7206
28  0.3  60.7277
28  0.5  41.4006
28  0.7  26.8008
28  0.9  16.9144
28  1.1  10.5816
28  1.3  6.61957
28  1.5  4.15791
28  1.7  2.63389
28  1.9  1.68273
28  2.1  1.08656
28  2.3  0.709245
28  2.5  0.467873
28  2.7  0.311748
28  2.9  0.209964
28  3.1  0.142831
28  3.3  0.0980773
28  3.5  0.0679503
28  3.7  0.047502
28  3.9  0.0334716
28  4.1  0.0237719
28  4.3  0.0170016
28  4.5  0.0122468
28  4.7  0.00887669
28  4.9  0.00647676
28  5.1  0.00475344
28  5.3  0.00350793
28  5.5  0.00260253
28  5.7  0.00194027
28  5.9  0.00145365
28  6.1  0.00109412
28  6.3  0.000826804
28  6.5  0.000627487
28  6.7  0.000478327
28  6.9  0.000365684
28  7.1  0.000280834
28  7.3  0.000216207
28  7.5  0.0001672
28  7.7  0.000129567
28  7.9  0.000100749
28  8.1  7.86134e-05
28  8.3  6.14405e-05
28  8.5  4.81951e-05
28  8.7  3.78538e-05
28  8.9  2.98606e-05
28  9.1  2.35939e-05
28  9.3  1.86659e-05
28  9.5  1.48233e-05
28  9.7  1.17823e-05
28  9.9  9.38833e-06
28  10.1  7.499e-06
28  10.3  5.99619e-06
28  10.5  4.8081e-06
28  10.7  3.85938e-06
28  10.9  3.10359e-06
28  11.1  2.50158e-06
28  11.3  2.01872e-06
28  11.5  1.63186e-06
28  11.7  1.32146e-06
28  11.9  1.07134e-06
30  0.1  75.4038
30  0.3  54.6597
30  0.5  37.2151
30  0.7  24.0174
30  0.9  15.1075
30  1.1  9.40823
30  1.3  5.85572
30  1.5  3.66197
30  1.7  2.30705
30  1.9  1.46719
30  2.1  0.943023
30  2.3  0.613128
30  2.5  0.403078
30  2.7  0.267699
30  2.9  0.17972
30  3.1  0.121933
30  3.3  0.0835207
30  3.5  0.0577495
30  3.7  0.0402779
30  3.9  0.028339
30  4.1  0.0200895
30  4.3  0.0143555
30  4.5  0.0103197
30  4.7  0.00747773
30  4.9  0.00545475
30  5.1  0.00400036
30  5.3  0.0029518
30  5.5  0.00218795
30  5.7  0.00163114
30  5.9  0.00122034
30  6.1  0.0009173
30  6.3  0.000692002
30  6.5  0.000524313
30  6.7  0.000399279
30  6.9  0.000305363
30  7.1  0.000234588
30  7.3  0.000180939
30  7.5  0.000139854
30  7.7  0.000108575
30  7.9  8.45864e-05
30  8.1  6.61335e-05
30  8.3  5.18023e-05
30  8.5  4.07133e-05
30  8.7  3.20812e-05
30  8.9  2.5374e-05
30  9.1  2.0147e-05
30  9.3  1.60316e-05
30  9.5  1.27881e-05
30  9.7  1.02305e-05
30  9.9  8.21681e-06
30  10.1  6.61018e-06
30  10.3  5.33591e-06
30  10.5  4.31706e-06
30  10.7  3.50098e-06
30  10.9  2.78849e-06
30  11.1  2.22143e-06
30  11.3  1.76968e-06
30  11.5  1.41506e-06
30  11.7  1.13119e-06
30  11.9  9.05996e-07
32  0.1  65.0498
32  0.3  47.1301
32  0.5  32.0351
32  0.7  20.6083
32  0.9  12.8947
32  1.1  7.9827
32  1.3  4.93535
32  1.5  3.06556
32  1.7  1.92254
32  1.9  1.21597
32  2.1  0.778372
32  2.3  0.504186
32  2.5  0.330324
32  2.7  0.219006
32  2.9  0.146714
32  3.1  0.0987442
32  3.3  0.067153
32  3.5  0.0461181
32  3.7  0.032058
32  3.9  0.0224925
32  4.1  0.015908
32  4.3  0.0113361
32  4.5  0.00813277
32  4.7  0.00587797
32  4.9  0.00427427
32  5.1  0.00312979
32  5.3  0.00230166
32  5.5  0.00170299
32  5.7  0.00126738
32  5.9  0.000947003
32  6.1  0.000711015
32  6.3  0.000536774
32  6.5  0.000406956
32  6.7  0.000309622
32  6.9  0.000236519
32  7.1  0.000181358
32  7.3  0.000139178
32  7.5  0.000107349
32  7.7  8.30685e-05
32  7.9  6.45441e-05
32  8.1  5.02243e-05
32  8.3  3.92098e-05
32  8.5  3.07334e-05
32  8.7  2.41077e-05
32  8.9  1.89776e-05
32  9.1  1.49753e-05
32  9.3  1.18458e-05
32  9.5  9.39095e-06
32  9.7  7.46045e-06
32  9.9  5.93836e-06
32  10.1  4.7369e-06
32  10.3  3.78704e-06
32  10.5  3.03184e-06
32  10.7  2.43049e-06
32  10.9  1.95323e-06
32  11.1  1.57258e-06
32  11.3  1.26847e-06
32  11.5  1.02459e-06
32  11.7  8.28812e-07
32  11.9  6.71474e-07
