# fragmentation : LHAPDF (data/prompt-D0-1-109/prompt-D0-1-109_0081.dat, member 0, Q=1.5)
# channel       : An0n
#   dipole file dir       : data/Pb/mve/glauber_mve_<b>
#   pD0 loop             : 0.1 to 12.0 GeV, step 0.2
#   fixed rapidity y      : 1.5
# ============================================================
# b  pD0  dsigma_dyd2pD0
0  0.1  496.208
0  0.3  376.895
0  0.5  277.248
0  0.7  198.356
0  0.9  140.432
0  1.1  99.2745
0  1.3  70.2976
0  1.5  50.0621
0  1.7  35.9222
0  1.9  25.9653
0  2.1  18.9197
0  2.3  13.9118
0  2.5  10.3188
0  2.7  7.72541
0  2.9  5.83236
0  3.1  4.44062
0  3.3  3.40898
0  3.5  2.63823
0  3.7  2.05656
0  3.9  1.61568
0  4.1  1.27762
0  4.3  1.01716
0  4.5  0.814928
0  4.7  0.656728
0  4.9  0.532269
0  5.1  0.433816
0  5.3  0.355136
0  5.5  0.292288
0  5.7  0.241632
0  5.9  0.200618
0  6.1  0.16734
0  6.3  0.139959
0  6.5  0.117582
0  6.7  0.0991603
0  6.9  0.0839667
0  7.1  0.0712766
0  7.3  0.060689
0  7.5  0.0518263
0  7.7  0.0443806
0  7.9  0.0381074
0  8.1  0.032816
0  8.3  0.0283301
0  8.5  0.0245139
0  8.7  0.0212645
0  8.9  0.0184855
0  9.1  0.0161029
0  9.3  0.0140555
0  9.5  0.0122912
0  9.7  0.0107695
0  9.9  0.00945697
0  10.1  0.00831776
0  10.3  0.00732832
0  10.5  0.00646826
0  10.7  0.00571717
0  10.9  0.00506085
0  11.1  0.0044875
0  11.3  0.00398384
0  11.5  0.00354209
0  11.7  0.00315326
0  11.9  0.00281127
2  0.1  495.79
2  0.3  376.575
2  0.5  277.009
2  0.7  198.182
2  0.9  140.305
2  1.1  99.1798
2  1.3  70.2273
2  1.5  50.0096
2  1.7  35.8827
2  1.9  25.9355
2  2.1  18.8972
2  2.3  13.8947
2  2.5  10.3057
2  2.7  7.71538
2  2.9  5.82464
2  3.1  4.43462
2  3.3  3.40429
2  3.5  2.63455
2  3.7  2.05366
2  3.9  1.61337
2  4.1  1.27578
2  4.3  1.01568
2  4.5  0.81373
2  4.7  0.655759
2  4.9  0.531474
2  5.1  0.433163
2  5.3  0.354597
2  5.5  0.29184
2  5.7  0.241261
2  5.9  0.200307
2  6.1  0.167079
2  6.3  0.139742
2  6.5  0.1174
2  6.7  0.0990054
2  6.9  0.0838356
2  7.1  0.0711648
2  7.3  0.0605916
2  7.5  0.0517431
2  7.7  0.0443088
2  7.9  0.0380459
2  8.1  0.0327631
2  8.3  0.028285
2  8.5  0.0244747
2  8.7  0.0212309
2  8.9  0.0184557
2  9.1  0.0160768
2  9.3  0.0140324
2  9.5  0.0122708
2  9.7  0.0107516
2  9.9  0.00944109
2  10.1  0.00830389
2  10.3  0.00731598
2  10.5  0.00645717
2  10.7  0.00570772
2  10.9  0.00505213
2  11.1  0.00447967
2  11.3  0.00397702
2  11.5  0.003536
2  11.7  0.00314786
2  11.9  0.00280642
4  0.1  494.411
4  0.3  375.618
4  0.5  276.285
4  0.7  197.657
4  0.9  139.92
4  1.1  98.893
4  1.3  70.013
4  1.5  49.8491
4  1.7  35.7644
4  1.9  25.8452
4  2.1  18.8312
4  2.3  13.8431
4  2.5  10.2666
4  2.7  7.68578
4  2.9  5.80146
4  3.1  4.41772
4  3.3  3.39187
4  3.5  2.62466
4  3.7  2.0469
4  3.9  1.60796
4  4.1  1.27229
4  4.3  1.01378
4  4.5  0.812764
4  4.7  0.655325
4  4.9  0.53161
4  5.1  0.433505
4  5.3  0.355438
4  5.5  0.293013
4  5.7  0.242577
4  5.9  0.201618
4  6.1  0.168403
4  6.3  0.141272
4  6.5  0.11885
4  6.7  0.100462
4  6.9  0.0852326
4  7.1  0.0726005
4  7.3  0.0620356
4  7.5  0.0531786
4  7.7  0.0457254
4  7.9  0.0393652
4  8.1  0.0337172
4  8.3  0.0289504
4  8.5  0.0249008
4  8.7  0.0214749
4  8.9  0.0185415
4  9.1  0.016067
4  9.3  0.0139797
4  9.5  0.0122114
4  9.7  0.0106994
4  9.9  0.00939476
4  10.1  0.0082628
4  10.3  0.00727996
4  10.5  0.00642531
4  10.7  0.0056794
4  10.9  0.00502713
4  11.1  0.00445771
4  11.3  0.00395735
4  11.5  0.00351838
4  11.7  0.00313217
4  11.9  0.00279246
6  0.1  492.396
6  0.3  373.985
6  0.5  275.08
6  0.7  196.771
6  0.9  139.271
6  1.1  98.4144
6  1.3  69.6573
6  1.5  49.5838
6  1.7  35.5627
6  1.9  25.6947
6  2.1  18.7149
6  2.3  13.7565
6  2.5  10.2003
6  2.7  7.63447
6  2.9  5.76226
6  3.1  4.38616
6  3.3  3.36651
6  3.5  2.60489
6  3.7  2.03024
6  3.9  1.59473
6  4.1  1.26093
6  4.3  1.00369
6  4.5  0.804039
6  4.7  0.647879
6  4.9  0.525045
6  5.1  0.427758
6  5.3  0.350275
6  5.5  0.288254
6  5.7  0.238278
6  5.9  0.197816
6  6.1  0.164913
6  6.3  0.137996
6  6.5  0.115939
6  6.7  0.0977618
6  6.9  0.0827855
6  7.1  0.0702607
6  7.3  0.0598199
6  7.5  0.0510736
6  7.7  0.0437329
6  7.9  0.0375249
6  8.1  0.032336
6  8.3  0.0279166
6  8.5  0.0241607
6  8.7  0.0209569
6  8.9  0.018217
6  9.1  0.0158681
6  9.3  0.0138495
6  9.5  0.0121101
6  9.7  0.0106104
6  9.9  0.00931664
6  10.1  0.00819419
6  10.3  0.00721926
6  10.5  0.00637179
6  10.7  0.00563223
6  10.9  0.00498506
6  11.1  0.00442024
6  11.3  0.00392411
6  11.5  0.00348891
6  11.7  0.00310593
6  11.9  0.00276902
8  0.1  489.348
8  0.3  371.656
8  0.5  273.347
8  0.7  195.5
8  0.9  138.341
8  1.1  97.6764
8  1.3  69.1457
8  1.5  49.2042
8  1.7  35.2756
8  1.9  25.4791
8  2.1  18.5518
8  2.3  13.6327
8  2.5  10.1058
8  2.7  7.56203
8  2.9  5.70634
8  3.1  4.34282
8  3.3  3.3326
8  3.5  2.57824
8  3.7  2.0092
8  3.9  1.57805
8  4.1  1.24759
8  4.3  0.993
8  4.5  0.795401
8  4.7  0.640866
8  4.9  0.519316
8  5.1  0.423188
8  5.3  0.346386
8  5.5  0.285047
8  5.7  0.235614
8  5.9  0.195599
8  6.1  0.163133
8  6.3  0.136429
8  6.5  0.114605
8  6.7  0.0966384
8  6.9  0.0818236
8  7.1  0.0694507
8  7.3  0.0591283
8  7.5  0.0504908
8  7.7  0.0432306
8  7.9  0.0371204
8  8.1  0.0319632
8  8.3  0.0275927
8  8.5  0.0238742
8  8.7  0.0207089
8  8.9  0.0180009
8  9.1  0.0156796
8  9.3  0.0136853
8  9.5  0.0119667
8  9.7  0.0104849
8  9.9  0.00920647
8  10.1  0.00809714
8  10.3  0.00713351
8  10.5  0.00629613
8  10.7  0.00556496
8  10.9  0.00492563
8  11.1  0.00436746
8  11.3  0.00387713
8  11.5  0.00344728
8  11.7  0.00306855
8  11.9  0.00273557
10  0.1  485.168
10  0.3  368.579
10  0.5  271.043
10  0.7  193.822
10  0.9  137.117
10  1.1  96.8118
10  1.3  68.4661
10  1.5  48.695
10  1.7  34.8973
10  1.9  25.1937
10  2.1  18.339
10  2.3  13.47
10  2.5  9.98246
10  2.7  7.46829
10  2.9  5.63456
10  3.1  4.28825
10  3.3  3.29081
10  3.5  2.54558
10  3.7  1.98523
10  3.9  1.5598
10  4.1  1.23357
10  4.3  0.982574
10  4.5  0.787409
10  4.7  0.635217
10  4.9  0.515147
10  5.1  0.420086
10  5.3  0.344502
10  5.5  0.28405
10  5.7  0.235152
10  5.9  0.195571
10  6.1  0.163367
10  6.3  0.137003
10  6.5  0.11543
10  6.7  0.097536
10  6.9  0.0828661
10  7.1  0.070565
10  7.3  0.060368
10  7.5  0.0517777
10  7.7  0.0445031
10  7.9  0.0383796
10  8.1  0.032843
10  8.3  0.0281598
10  8.5  0.0241864
10  8.7  0.0208365
10  8.9  0.0179838
10  9.1  0.0155367
10  9.3  0.0134976
10  9.5  0.0117769
10  9.7  0.0103192
10  9.9  0.00906059
10  10.1  0.00796845
10  10.3  0.00702017
10  10.5  0.00619594
10  10.7  0.00547607
10  10.9  0.00484694
10  11.1  0.0042974
10  11.3  0.00381485
10  11.5  0.00339155
10  11.7  0.00301901
10  11.9  0.00269139
12  0.1  480.147
12  0.3  364.627
12  0.5  268.132
12  0.7  191.668
12  0.9  135.559
12  1.1  95.6071
12  1.3  67.6086
12  1.5  48.0554
12  1.7  34.4155
12  1.9  24.8332
12  2.1  18.0698
12  2.3  13.2628
12  2.5  9.82403
12  2.7  7.34604
12  2.9  5.53987
12  3.1  4.21376
12  3.3  3.2319
12  3.5  2.49918
12  3.7  1.94682
12  3.9  1.52853
12  4.1  1.20821
12  4.3  0.961231
12  4.5  0.769737
12  4.7  0.620037
12  4.9  0.502313
12  5.1  0.409244
12  5.3  0.334896
12  5.5  0.275541
12  5.7  0.227716
12  5.9  0.189008
12  6.1  0.157614
12  6.3  0.131793
12  6.5  0.110691
12  6.7  0.0933258
12  6.9  0.0790106
12  7.1  0.0670557
12  7.3  0.0570828
12  7.5  0.0487392
12  7.7  0.041726
12  7.9  0.0358239
12  8.1  0.0308453
12  8.3  0.0266255
12  8.5  0.0230345
12  8.7  0.0199793
12  8.9  0.0173652
12  9.1  0.0151247
12  9.3  0.0131998
12  9.5  0.0115415
12  9.7  0.0101109
12  9.9  0.00887752
12  10.1  0.00780738
12  10.3  0.0068779
12  10.5  0.00606886
12  10.7  0.0053646
12  10.9  0.00474818
12  11.1  0.00420984
12  11.3  0.00373693
12  11.5  0.00332259
12  11.7  0.00295728
12  11.9  0.00263621
14  0.1  473.737
14  0.3  359.738
14  0.5  264.503
14  0.7  189.038
14  0.9  133.616
14  1.1  94.1687
14  1.3  66.5415
14  1.5  47.2616
14  1.7  33.8206
14  1.9  24.3844
14  2.1  17.7293
14  2.3  13.008
14  2.5  9.63005
14  2.7  7.1975
14  2.9  5.42542
14  3.1  4.12511
14  3.3  3.16285
14  3.5  2.44497
14  3.7  1.9041
14  3.9  1.49461
14  4.1  1.1811
14  4.3  0.939467
14  4.5  0.75216
14  4.7  0.605768
14  4.9  0.49067
14  5.1  0.399696
14  5.3  0.327038
14  5.5  0.269044
14  5.7  0.222315
14  5.9  0.184501
14  6.1  0.153842
14  6.3  0.128639
14  6.5  0.108017
14  6.7  0.0910646
14  6.9  0.077091
14  7.1  0.0654203
14  7.3  0.055685
14  7.5  0.047542
14  7.7  0.0406992
14  7.9  0.0349397
14  8.1  0.0300804
14  8.3  0.0259639
14  8.5  0.0224616
14  8.7  0.019481
14  8.9  0.0169306
14  9.1  0.0147451
14  9.3  0.0128686
14  9.5  0.0112517
14  9.7  0.00985671
14  9.9  0.00865348
14  10.1  0.00761
14  10.3  0.00670368
14  10.5  0.00591562
14  10.7  0.00522784
14  10.9  0.00462713
14  11.1  0.00410226
14  11.3  0.00364135
14  11.5  0.00323708
14  11.7  0.00288126
14  11.9  0.0025684
16  0.1  465.849
16  0.3  353.719
16  0.5  260.039
16  0.7  185.81
16  0.9  131.228
16  1.1  92.4536
16  1.3  65.2344
16  1.5  46.2894
16  1.7  33.0939
16  1.9  23.8395
16  2.1  17.3195
16  2.3  12.6974
16  2.5  9.39396
16  2.7  7.01692
16  2.9  5.28642
16  3.1  4.01746
16  3.3  3.07894
16  3.5  2.37916
16  3.7  1.8522
16  3.9  1.45343
16  4.1  1.14823
16  4.3  0.913085
16  4.5  0.730861
16  4.7  0.588488
16  4.9  0.476567
16  5.1  0.388134
16  5.3  0.317521
16  5.5  0.261172
16  5.7  0.215782
16  5.9  0.179054
16  6.1  0.149204
16  6.3  0.124807
16  6.5  0.104788
16  6.7  0.0883308
16  6.9  0.0747683
16  7.1  0.0634426
16  7.3  0.0539979
16  7.5  0.0460944
16  7.7  0.039457
16  7.9  0.0338703
16  8.1  0.0291584
16  8.3  0.0251652
16  8.5  0.0217689
16  8.7  0.0188792
16  8.9  0.0164059
16  9.1  0.0142864
16  9.3  0.012467
16  9.5  0.0108997
16  9.7  0.00954769
16  9.9  0.0083819
16  10.1  0.0073712
16  10.3  0.00649274
16  10.5  0.00572868
16  10.7  0.00506269
16  10.9  0.00448112
16  11.1  0.00397291
16  11.3  0.00352627
16  11.5  0.00313455
16  11.7  0.00278994
16  11.9  0.00248671
18  0.1  456.105
18  0.3  346.339
18  0.5  254.563
18  0.7  181.808
18  0.9  128.298
18  1.1  90.2956
18  1.3  63.6375
18  1.5  45.1266
18  1.7  32.2088
18  1.9  23.1767
18  2.1  16.8214
18  2.3  12.3208
18  2.5  9.10784
18  2.7  6.79821
18  2.9  5.11822
18  3.1  3.88735
18  3.3  2.97765
18  3.5  2.29983
18  3.7  1.7897
18  3.9  1.40384
18  4.1  1.10866
18  4.3  0.881403
18  4.5  0.705249
18  4.7  0.56771
18  4.9  0.459621
18  5.1  0.374095
18  5.3  0.306094
18  5.5  0.251725
18  5.7  0.207934
18  5.9  0.172508
18  6.1  0.143726
18  6.3  0.120207
18  6.5  0.10091
18  6.7  0.085069
18  6.9  0.0719824
18  7.1  0.0610708
18  7.3  0.0519725
18  7.5  0.0443606
18  7.7  0.037969
18  7.9  0.0325899
18  8.1  0.028053
18  8.3  0.0242091
18  8.5  0.0209396
18  8.7  0.0181577
18  8.9  0.0157775
18  9.1  0.0137385
18  9.3  0.0119878
18  9.5  0.0104803
18  9.7  0.00917943
18  9.9  0.00805789
18  10.1  0.00708533
18  10.3  0.00624039
18  10.5  0.00550633
18  10.7  0.00486517
18  10.9  0.00430598
18  11.1  0.00381738
18  11.3  0.00338798
18  11.5  0.00301143
18  11.7  0.00268019
18  11.9  0.00238878
20  0.1  444.191
20  0.3  337.241
20  0.5  247.812
20  0.7  176.891
20  0.9  124.688
20  1.1  87.644
20  1.3  61.6785
20  1.5  43.6735
20  1.7  31.1272
20  1.9  22.3687
20  2.1  16.2153
20  2.3  11.8633
20  2.5  8.76084
20  2.7  6.5333
20  2.9  4.91474
20  3.1  3.73008
20  3.3  2.8554
20  3.5  2.20409
20  3.7  1.71431
20  3.9  1.34408
20  4.1  1.06096
20  4.3  0.843197
20  4.5  0.674412
20  4.7  0.542706
20  4.9  0.439232
20  5.1  0.357396
20  5.3  0.292353
20  5.5  0.240365
20  5.7  0.198504
20  5.9  0.16465
20  6.1  0.137151
20  6.3  0.114682
20  6.5  0.0962534
20  6.7  0.0811021
20  6.9  0.0685671
20  7.1  0.0582248
20  7.3  0.0495439
20  7.5  0.0422791
20  7.7  0.0361686
20  7.9  0.0310264
20  8.1  0.0267011
20  8.3  0.0230603
20  8.5  0.0199437
20  8.7  0.0172942
20  8.9  0.0150252
20  9.1  0.0130817
20  9.3  0.0114134
20  9.5  0.00997652
20  9.7  0.00873767
20  9.9  0.00766963
20  10.1  0.00674351
20  10.3  0.00593877
20  10.5  0.00523912
20  10.7  0.00462902
20  10.9  0.00409668
20  11.1  0.00363104
20  11.3  0.00322267
20  11.5  0.00286426
20  11.7  0.00254912
20  11.9  0.00227181
22  0.1  429.292
22  0.3  325.895
22  0.5  239.394
22  0.7  170.774
22  0.9  120.199
22  1.1  84.3463
22  1.3  59.2506
22  1.5  41.8744
22  1.7  29.7944
22  1.9  21.3748
22  2.1  15.4713
22  2.3  11.3028
22  2.5  8.33667
22  2.7  6.20988
22  2.9  4.66673
22  3.1  3.53879
22  3.3  2.70678
22  3.5  2.08773
22  3.7  1.62274
22  3.9  1.27155
22  4.1  1.00314
22  4.3  0.796901
22  4.5  0.637033
22  4.7  0.512435
22  4.9  0.414556
22  5.1  0.337237
22  5.3  0.275769
22  5.5  0.226637
22  5.7  0.187122
22  5.9  0.15515
22  6.1  0.12922
22  6.3  0.10802
22  6.5  0.0906435
22  6.7  0.0763617
22  6.9  0.0646027
22  7.1  0.0547467
22  7.3  0.0466178
22  7.5  0.0397694
22  7.7  0.0340246
22  7.9  0.0291935
22  8.1  0.0251265
22  8.3  0.0216545
22  8.5  0.0187476
22  8.7  0.0162337
22  8.9  0.014097
22  9.1  0.0122736
22  9.3  0.0107197
22  9.5  0.00937155
22  9.7  0.00820451
22  9.9  0.00720116
22  10.1  0.00632105
22  10.3  0.00557474
22  10.5  0.0049173
22  10.7  0.00434506
22  10.9  0.00384461
22  11.1  0.00340801
22  11.3  0.0030243
22  11.5  0.002683
22  11.7  0.00238773
22  11.9  0.0021303
24  0.1  410.539
24  0.3  311.503
24  0.5  228.737
24  0.7  163.008
24  0.9  114.525
24  1.1  80.1884
24  1.3  56.2027
24  1.5  39.6225
24  1.7  28.1327
24  1.9  20.1385
24  2.1  14.5484
24  2.3  10.6092
24  2.5  7.81236
24  2.7  5.8111
24  2.9  4.36146
24  3.1  3.30366
24  3.3  2.52429
24  3.5  1.9452
24  3.7  1.51068
24  3.9  1.18274
24  4.1  0.932449
24  4.3  0.740354
24  4.5  0.591499
24  4.7  0.475524
24  4.9  0.384507
24  5.1  0.312601
24  5.3  0.255514
24  5.5  0.209929
24  5.7  0.173258
24  5.9  0.143619
24  6.1  0.11956
24  6.3  0.0999135
24  6.5  0.0838115
24  6.7  0.0706057
24  6.9  0.0596652
24  7.1  0.0506272
24  7.3  0.0430581
24  7.5  0.0367291
24  7.7  0.0313934
24  7.9  0.0269331
24  8.1  0.0231923
24  8.3  0.0200028
24  8.5  0.0172942
24  8.7  0.0149897
24  8.9  0.0130189
24  9.1  0.0113308
24  9.3  0.00988284
24  9.5  0.00863691
24  9.7  0.00756176
24  9.9  0.00663575
24  10.1  0.00583268
24  10.3  0.00513549
24  10.5  0.00452981
24  10.7  0.00400157
24  10.9  0.00354032
24  11.1  0.00313692
24  11.3  0.00278353
24  11.5  0.00247333
24  11.7  0.00220078
24  11.9  0.00196086
26  0.1  386.066
26  0.3  293.003
26  0.5  214.998
26  0.7  152.974
26  0.9  107.254
26  1.1  74.8764
26  1.3  52.3173
26  1.5  36.767
26  1.7  26.0317
26  1.9  18.582
26  2.1  13.3894
26  2.3  9.74438
26  2.5  7.15879
26  2.7  5.31496
26  2.9  3.98248
26  3.1  3.01239
26  3.3  2.29805
26  3.5  1.76906
26  3.7  1.37275
26  3.9  1.07338
26  4.1  0.845337
26  4.3  0.670791
26  4.5  0.535466
26  4.7  0.430326
26  4.9  0.347611
26  5.1  0.282366
26  5.3  0.230799
26  5.5  0.189457
26  5.7  0.15634
26  5.9  0.129526
26  6.1  0.10771
26  6.3  0.0900403
26  6.5  0.0755676
26  6.7  0.0636364
26  6.9  0.0537906
26  7.1  0.0455858
26  7.3  0.0388081
26  7.5  0.0331271
26  7.7  0.0283533
26  7.9  0.0243191
26  8.1  0.0208868
26  8.3  0.0179782
26  8.5  0.0155334
26  8.7  0.0134506
26  8.9  0.0116649
26  9.1  0.0101657
26  9.3  0.00885083
26  9.5  0.00774296
26  9.7  0.00677758
26  9.9  0.00594595
26  10.1  0.00522575
26  10.3  0.00460017
26  10.5  0.00405696
26  10.7  0.00358291
26  10.9  0.00316926
26  11.1  0.00280759
26  11.3  0.00249083
26  11.5  0.00221293
26  11.7  0.00196867
26  11.9  0.00175381
28  0.1  354.541
28  0.3  268.876
28  0.5  197.134
28  0.7  139.914
28  0.9  97.801
28  1.1  68.009
28  1.3  47.3392
28  1.5  33.1346
28  1.7  23.3633
28  1.9  16.6162
28  2.1  11.9334
28  2.3  8.65639
28  2.5  6.34402
28  2.7  4.69792
28  2.9  3.51274
28  3.1  2.65214
28  3.3  2.01977
28  3.5  1.55201
28  3.7  1.20257
28  3.9  0.939053
28  4.1  0.738716
28  4.3  0.585409
28  4.5  0.466964
28  4.7  0.37478
28  4.9  0.302564
28  5.1  0.245651
28  5.3  0.200489
28  5.5  0.164511
28  5.7  0.135632
28  5.9  0.11229
28  6.1  0.0933911
28  6.3  0.0779669
28  6.5  0.0653353
28  6.7  0.0550333
28  6.9  0.0464696
28  7.1  0.039368
28  7.3  0.0334556
28  7.5  0.0285179
28  7.7  0.0243533
28  7.9  0.0208757
28  8.1  0.0179678
28  8.3  0.0154863
28  8.5  0.0133785
28  8.7  0.0115921
28  8.9  0.0100618
28  9.1  0.00875181
28  9.3  0.00762952
28  9.5  0.00666418
28  9.7  0.00583122
28  9.9  0.00511439
28  10.1  0.00449369
28  10.3  0.00395453
28  10.5  0.00348636
28  10.7  0.00307843
28  10.9  0.00272244
28  11.1  0.00241126
28  11.3  0.0021385
28  11.5  0.00189946
28  11.7  0.00168949
28  11.9  0.00150456
30  0.1  314.123
30  0.3  238.026
30  0.5  174.386
30  0.7  123.387
30  0.9  85.9333
30  1.1  59.4669
30  1.3  41.1886
30  1.5  28.707
30  1.7  20.1568
30  1.9  14.2867
30  2.1  10.184
30  2.3  7.33735
30  2.5  5.35432
30  2.7  3.95209
30  2.9  2.94726
30  3.1  2.21841
30  3.3  1.68555
30  3.5  1.29272
30  3.7  0.999687
30  3.9  0.779474
30  4.1  0.612227
30  4.3  0.484262
30  4.5  0.385823
30  4.7  0.309249
30  4.9  0.24936
30  5.1  0.202212
30  5.3  0.164959
30  5.5  0.13514
30  5.7  0.111326
30  5.9  0.0921463
30  6.1  0.0765672
30  6.3  0.0638772
30  6.5  0.0534543
30  6.7  0.0449907
30  6.9  0.0379652
30  7.1  0.032143
30  7.3  0.0272987
30  7.5  0.0232543
30  7.7  0.0198651
30  7.9  0.0170183
30  8.1  0.014626
30  8.3  0.0126004
30  8.5  0.0108803
30  8.7  0.00942277
30  8.9  0.00817624
30  9.1  0.00710758
30  9.3  0.00619348
30  9.5  0.00540756
30  9.7  0.00472948
30  9.9  0.00414668
30  10.1  0.00364199
30  10.3  0.00320387
30  10.5  0.00282345
30  10.7  0.0024924
30  10.9  0.00220328
30  11.1  0.00195075
30  11.3  0.00172972
30  11.5  0.00153581
30  11.7  0.00136562
30  11.9  0.00121571
32  0.1  264.202
32  0.3  200.209
32  0.5  146.458
32  0.7  103.209
32  0.9  71.3556
32  1.1  49.0284
32  1.3  33.6942
32  1.5  23.2718
32  1.7  16.2107
32  1.9  11.3984
32  2.1  8.10504
32  2.3  5.82554
32  2.5  4.23428
32  2.7  3.11253
32  2.9  2.31195
32  3.1  1.73501
32  3.3  1.314
32  3.5  1.00503
32  3.7  0.775236
32  3.9  0.603101
32  4.1  0.472647
32  4.3  0.373142
32  4.5  0.296804
32  4.7  0.237441
32  4.9  0.191155
32  5.1  0.154785
32  5.3  0.126087
32  5.5  0.103229
32  5.7  0.0849167
32  5.9  0.0701727
32  6.1  0.0582422
32  6.3  0.0485356
32  6.5  0.0405774
32  6.7  0.0341197
32  6.9  0.0287645
32  7.1  0.024334
32  7.3  0.0206474
32  7.5  0.0175736
32  7.7  0.0150017
32  7.9  0.0128428
32  8.1  0.0110285
32  8.3  0.00949481
32  8.5  0.00819467
32  8.7  0.00709198
32  8.9  0.00614853
32  9.1  0.00534211
32  9.3  0.0046524
32  9.5  0.00405955
32  9.7  0.00354869
32  9.9  0.00310937
32  10.1  0.00272959
32  10.3  0.00240024
32  10.5  0.00211418
32  10.7  0.00186538
32  10.9  0.00164848
32  11.1  0.00145881
32  11.3  0.00129285
32  11.5  0.00114747
32  11.7  0.00101967
32  11.9  0.000907489
