# fragmentation : BCFY (r=0.1), evolved (scale=0.5*mt0=1.5)
# target        : AA (sqrt(s_NN) = 5360 GeV)
# channel       : An0n
# flux          : TABLE (input/Starlight_photon_flux/flux_WS_An0n.dat)
#   generated             : 2026-10-04 19:27:39 EEST
#   flux_model            : TABLE
#   calls                 : 2e5 (VEGAS calls per point)
#   dipole file dir       : data/Pb/mve/glauber_mve_<b_d>
#   pD0 loop             : 0.1 0.3 0.5 0.7 0.9 1.1 1.3 1.5 1.7 1.9 2.1 2.3 2.5 2.7 2.9 3.1 3.3 3.5 3.7 3.9 4.1 4.3 4.5 4.7 4.9 5.1 5.3 5.5 5.7 5.9 6.1 6.3 6.5 6.7 6.9 7.1 7.3 7.5 7.7 7.9 8.1 8.3 8.5 8.7 8.9 9.1 9.3 9.5 9.7 9.9 10.1 10.3 10.5 10.7 10.9 11.1 11.3 11.5 11.7 11.9
#   fixed rapidity y      : -3.0
# ============================================================
# b_d  pD0  dsigma_dyd2pD0
0  0.1  3194.42
0  0.3  2508.66
0  0.5  1973.51
0  0.7  1529.06
0  0.9  1169.85
0  1.1  885.237
0  1.3  663.472
0  1.5  492.651
0  1.7  362.689
0  1.9  266.122
0  2.1  194.543
0  2.3  143.752
0  2.5  107.956
0  2.7  81.2977
0  2.9  61.4448
0  3.1  46.9782
0  3.3  36.376
0  3.5  28.458
0  3.7  22.5424
0  3.9  18.0378
0  4.1  14.5752
0  4.3  11.8998
0  4.5  9.78526
0  4.7  8.11536
0  4.9  6.78441
0  5.1  5.70892
0  5.3  4.83156
0  5.5  4.11801
0  5.7  3.53011
0  5.9  3.03782
0  6.1  2.62911
0  6.3  2.28748
0  6.5  1.99784
0  6.7  1.7527
0  6.9  1.5429
0  7.1  1.36379
0  7.3  1.20914
0  7.5  1.07522
0  7.7  0.959403
0  7.9  0.858617
0  8.1  0.770941
0  8.3  0.693408
0  8.5  0.625884
0  8.7  0.565696
0  8.9  0.512473
0  9.1  0.465556
0  9.3  0.424301
0  9.5  0.38696
0  9.7  0.353314
0  9.9  0.323487
0  10.1  0.297077
0  10.3  0.272586
0  10.5  0.250936
0  10.7  0.231283
0  10.9  0.213497
0  11.1  0.197355
0  11.3  0.18295
0  11.5  0.169333
0  11.7  0.15749
0  11.9  0.146414
2  0.1  3190.74
2  0.3  2506.51
2  0.5  1970.99
2  0.7  1527.97
2  0.9  1168.12
2  1.1  883.92
2  1.3  662.471
2  1.5  491.64
2  1.7  362.034
2  1.9  265.676
2  2.1  194.181
2  2.3  143.484
2  2.5  107.748
2  2.7  81.1407
2  2.9  61.3197
2  3.1  46.8843
2  3.3  36.2997
2  3.5  28.4013
2  3.7  22.4955
2  3.9  18.0022
2  4.1  14.5434
2  4.3  11.87
2  4.5  9.76031
2  4.7  8.09934
2  4.9  6.77087
2  5.1  5.69749
2  5.3  4.82192
2  5.5  4.10962
2  5.7  3.5214
2  5.9  3.03221
2  6.1  2.62395
2  6.3  2.28266
2  6.5  1.99391
2  6.7  1.74926
2  6.9  1.53945
2  7.1  1.36087
2  7.3  1.2068
2  7.5  1.07334
2  7.7  0.957432
2  7.9  0.856965
2  8.1  0.769387
2  8.3  0.69241
2  8.5  0.624555
2  8.7  0.564528
2  8.9  0.511506
2  9.1  0.46506
2  9.3  0.423364
2  9.5  0.386181
2  9.7  0.35283
2  9.9  0.32298
2  10.1  0.296503
2  10.3  0.27206
2  10.5  0.250453
2  10.7  0.230835
2  10.9  0.2131
2  11.1  0.196971
2  11.3  0.182593
2  11.5  0.169338
2  11.7  0.157179
2  11.9  0.146126
4  0.1  3179.03
4  0.3  2496.75
4  0.5  1963.29
4  0.7  1520.66
4  0.9  1163.2
4  1.1  879.929
4  1.3  659.307
4  1.5  489.262
4  1.7  360.064
4  1.9  264.075
4  2.1  193.138
4  2.3  142.528
4  2.5  107.091
4  2.7  80.6225
4  2.9  60.9427
4  3.1  46.5951
4  3.3  36.0795
4  3.5  28.2266
4  3.7  22.3564
4  3.9  17.8913
4  4.1  14.455
4  4.3  11.7983
4  4.5  9.70147
4  4.7  8.05044
4  4.9  6.73069
4  5.1  5.66376
4  5.3  4.79316
4  5.5  4.08603
4  5.7  3.50054
4  5.9  3.01437
4  6.1  2.60895
4  6.3  2.27031
4  6.5  1.98204
4  6.7  1.73848
4  6.9  1.53028
4  7.1  1.35288
4  7.3  1.20009
4  7.5  1.06747
4  7.7  0.951843
4  7.9  0.852084
4  8.1  0.764893
4  8.3  0.688037
4  8.5  0.62093
4  8.7  0.561052
4  8.9  0.508832
4  9.1  0.462371
4  9.3  0.420971
4  9.5  0.383929
4  9.7  0.350851
4  9.9  0.32107
4  10.1  0.294813
4  10.3  0.270492
4  10.5  0.249014
4  10.7  0.229585
4  10.9  0.211868
4  11.1  0.195832
4  11.3  0.181305
4  11.5  0.168365
4  11.7  0.155996
4  11.9  0.145284
6  0.1  3157.18
6  0.3  2479.02
6  0.5  1949.52
6  0.7  1511.24
6  0.9  1154.76
6  1.1  873.151
6  1.3  653.783
6  1.5  485.037
6  1.7  356.968
6  1.9  261.419
6  2.1  191.213
6  2.3  141.056
6  2.5  105.947
6  2.7  79.7753
6  2.9  60.3024
6  3.1  46.1073
6  3.3  35.6943
6  3.5  27.929
6  3.7  22.1248
6  3.9  17.7067
6  4.1  14.3083
6  4.3  11.6773
6  4.5  9.60747
6  4.7  7.96852
6  4.9  6.66276
6  5.1  5.60629
6  5.3  4.74408
6  5.5  4.04478
6  5.7  3.46694
6  5.9  2.98494
6  6.1  2.58302
6  6.3  2.24731
6  6.5  1.96284
6  6.7  1.72167
6  6.9  1.51579
6  7.1  1.33941
6  7.3  1.18788
6  7.5  1.05652
6  7.7  0.942618
6  7.9  0.843677
6  8.1  0.757254
6  8.3  0.681224
6  8.5  0.614529
6  8.7  0.555573
6  8.9  0.50384
6  9.1  0.457764
6  9.3  0.41671
6  9.5  0.379951
6  9.7  0.347102
6  9.9  0.317799
6  10.1  0.291896
6  10.3  0.26783
6  10.5  0.246585
6  10.7  0.227236
6  10.9  0.20974
6  11.1  0.193922
6  11.3  0.179699
6  11.5  0.166358
6  11.7  0.154502
6  11.9  0.14384
8  0.1  3125.64
8  0.3  2454.8
8  0.5  1930.05
8  0.7  1495.5
8  0.9  1142.63
8  1.1  863.685
8  1.3  646.315
8  1.5  479.118
8  1.7  352.281
8  1.9  257.825
8  2.1  188.447
8  2.3  138.991
8  2.5  104.37
8  2.7  78.5996
8  2.9  59.39
8  3.1  45.41
8  3.3  35.1565
8  3.5  27.5082
8  3.7  21.7966
8  3.9  17.4416
8  4.1  14.0994
8  4.3  11.507
8  4.5  9.46839
8  4.7  7.85065
8  4.9  6.56681
8  5.1  5.52541
8  5.3  4.67617
8  5.5  3.98657
8  5.7  3.41637
8  5.9  2.94396
8  6.1  2.54608
8  6.3  2.21503
8  6.5  1.9351
8  6.7  1.69659
8  6.9  1.49414
8  7.1  1.32084
8  7.3  1.17082
8  7.5  1.04155
8  7.7  0.929272
8  7.9  0.831794
8  8.1  0.746571
8  8.3  0.672272
8  8.5  0.605989
8  8.7  0.547843
8  8.9  0.496489
8  9.1  0.451416
8  9.3  0.410867
8  9.5  0.374833
8  9.7  0.342557
8  9.9  0.313341
8  10.1  0.287793
8  10.3  0.264443
8  10.5  0.243086
8  10.7  0.22407
8  10.9  0.206839
8  11.1  0.191219
8  11.3  0.177248
8  11.5  0.164054
8  11.7  0.152367
8  11.9  0.141802
10  0.1  3086.39
10  0.3  2422.72
10  0.5  1905.27
10  0.7  1475.63
10  0.9  1126.75
10  1.1  851.172
10  1.3  636.109
10  1.5  471.234
10  1.7  346.12
10  1.9  252.988
10  2.1  184.82
10  2.3  136.234
10  2.5  102.285
10  2.7  77.0125
10  2.9  58.2012
10  3.1  44.4963
10  3.3  34.4475
10  3.5  26.9632
10  3.7  21.3705
10  3.9  17.103
10  4.1  13.8194
10  4.3  11.2818
10  4.5  9.28445
10  4.7  7.70172
10  4.9  6.44104
10  5.1  5.41998
10  5.3  4.58809
10  5.5  3.91035
10  5.7  3.35168
10  5.9  2.88637
10  6.1  2.49797
10  6.3  2.17329
10  6.5  1.89819
10  6.7  1.66491
10  6.9  1.4655
10  7.1  1.29583
10  7.3  1.14874
10  7.5  1.02203
10  7.7  0.911857
10  7.9  0.816085
10  8.1  0.732628
10  8.3  0.659648
10  8.5  0.594699
10  8.7  0.537587
10  8.9  0.487266
10  9.1  0.442862
10  9.3  0.402922
10  9.5  0.367804
10  9.7  0.336144
10  9.9  0.307521
10  10.1  0.281962
10  10.3  0.259565
10  10.5  0.238542
10  10.7  0.219881
10  10.9  0.203293
10  11.1  0.187635
10  11.3  0.173941
10  11.5  0.161153
10  11.7  0.149514
10  11.9  0.139201
12  0.1  3034.4
12  0.3  2384.02
12  0.5  1873.39
12  0.7  1449.87
12  0.9  1106.65
12  1.1  835.101
12  1.3  623.557
12  1.5  461.16
12  1.7  338.24
12  1.9  247.064
12  2.1  180.302
12  2.3  132.934
12  2.5  99.6881
12  2.7  75.0544
12  2.9  56.7168
12  3.1  43.3605
12  3.3  33.5865
12  3.5  26.2877
12  3.7  20.8319
12  3.9  16.6748
12  4.1  13.4792
12  4.3  11.0043
12  4.5  9.05626
12  4.7  7.50846
12  4.9  6.28242
12  5.1  5.28718
12  5.3  4.47455
12  5.5  3.81585
12  5.7  3.27034
12  5.9  2.81609
12  6.1  2.43823
12  6.3  2.12139
12  6.5  1.85277
12  6.7  1.62513
12  6.9  1.43034
12  7.1  1.26497
12  7.3  1.12193
12  7.5  0.997764
12  7.7  0.890128
12  7.9  0.796741
12  8.1  0.71524
12  8.3  0.644115
12  8.5  0.580399
12  8.7  0.524913
12  8.9  0.475676
12  9.1  0.432516
12  9.3  0.393459
12  9.5  0.358991
12  9.7  0.328205
12  9.9  0.300548
12  10.1  0.275702
12  10.3  0.253152
12  10.5  0.23296
12  10.7  0.214752
12  10.9  0.19822
12  11.1  0.183221
12  11.3  0.169604
12  11.5  0.157529
12  11.7  0.146067
12  11.9  0.135941
14  0.1  2972.19
14  0.3  2332.39
14  0.5  1833.32
14  0.7  1418.47
14  0.9  1081.94
14  1.1  815.523
14  1.3  607.839
14  1.5  448.807
14  1.7  328.944
14  1.9  239.944
14  2.1  174.83
14  2.3  128.733
14  2.5  96.5321
14  2.7  72.6674
14  2.9  54.9152
14  3.1  41.9842
14  3.3  32.5197
14  3.5  25.4512
14  3.7  20.1726
14  3.9  16.1564
14  4.1  13.0641
14  4.3  10.665
14  4.5  8.77716
14  4.7  7.28165
14  4.9  6.0903
14  5.1  5.12418
14  5.3  4.33751
14  5.5  3.69983
14  5.7  3.17146
14  5.9  2.7313
14  6.1  2.36465
14  6.3  2.05729
14  6.5  1.79737
14  6.7  1.57605
14  6.9  1.38789
14  7.1  1.22705
14  7.3  1.08779
14  7.5  0.967826
14  7.7  0.863276
14  7.9  0.772805
14  8.1  0.693644
14  8.3  0.624621
14  8.5  0.563743
14  8.7  0.509068
14  8.9  0.461479
14  9.1  0.419456
14  9.3  0.381818
14  9.5  0.348261
14  9.7  0.318451
14  9.9  0.291582
14  10.1  0.267518
14  10.3  0.24553
14  10.5  0.225992
14  10.7  0.208394
14  10.9  0.192323
14  11.1  0.177749
14  11.3  0.164795
14  11.5  0.152806
14  11.7  0.141613
14  11.9  0.131874
16  0.1  2893.25
16  0.3  2272.8
16  0.5  1785.18
16  0.7  1379.88
16  0.9  1050.83
16  1.1  791.448
16  1.3  589.025
16  1.5  433.986
16  1.7  317.493
16  1.9  231.15
16  2.1  168.182
16  2.3  123.742
16  2.5  92.748
16  2.7  69.7973
16  2.9  52.7486
16  3.1  40.3383
16  3.3  31.2513
16  3.5  24.4615
16  3.7  19.3993
16  3.9  15.5302
16  4.1  12.5564
16  4.3  10.2524
16  4.5  8.44418
16  4.7  7.00581
16  4.9  5.85852
16  5.1  4.93086
16  5.3  4.1764
16  5.5  3.56145
16  5.7  3.0521
16  5.9  2.62963
16  6.1  2.2763
16  6.3  1.98057
16  6.5  1.73044
16  6.7  1.51746
16  6.9  1.33615
16  7.1  1.18145
16  7.3  1.04737
16  7.5  0.93198
16  7.7  0.831539
16  7.9  0.74441
16  8.1  0.668233
16  8.3  0.60177
16  8.5  0.54249
16  8.7  0.490307
16  8.9  0.444536
16  9.1  0.404063
16  9.3  0.367913
16  9.5  0.335424
16  9.7  0.306723
16  9.9  0.280643
16  10.1  0.257714
16  10.3  0.236613
16  10.5  0.217709
16  10.7  0.200726
16  10.9  0.185263
16  11.1  0.171252
16  11.3  0.158777
16  11.5  0.147228
16  11.7  0.136477
16  11.9  0.126869
18  0.1  2800.68
18  0.3  2197.42
18  0.5  1726.35
18  0.7  1333.64
18  0.9  1014.97
18  1.1  762.413
18  1.3  566.092
18  1.5  416.22
18  1.7  303.755
18  1.9  220.542
18  2.1  160.182
18  2.3  117.811
18  2.5  88.1844
18  2.7  66.4204
18  2.9  50.1956
18  3.1  38.3912
18  3.3  29.7451
18  3.5  23.3001
18  3.7  18.4747
18  3.9  14.796
18  4.1  11.962
18  4.3  9.77418
18  4.5  8.047
18  4.7  6.67748
18  4.9  5.58556
18  5.1  4.70245
18  5.3  3.98242
18  5.5  3.39612
18  5.7  2.91159
18  5.9  2.50749
18  6.1  2.17141
18  6.3  1.88995
18  6.5  1.65086
18  6.7  1.44759
18  6.9  1.27459
18  7.1  1.12691
18  7.3  0.9994
18  7.5  0.88927
18  7.7  0.793184
18  7.9  0.710264
18  8.1  0.63721
18  8.3  0.57391
18  8.5  0.517854
18  8.7  0.468231
18  8.9  0.424119
18  9.1  0.385461
18  9.3  0.351044
18  9.5  0.320124
18  9.7  0.292627
18  9.9  0.267812
18  10.1  0.245515
18  10.3  0.225659
18  10.5  0.207697
18  10.7  0.191484
18  10.9  0.176754
18  11.1  0.163401
18  11.3  0.15148
18  11.5  0.140455
18  11.7  0.130198
18  11.9  0.121018
20  0.1  2686.42
20  0.3  2107.41
20  0.5  1654.89
20  0.7  1277.01
20  0.9  970.815
20  1.1  727.408
20  1.3  538.547
20  1.5  394.683
20  1.7  287.007
20  1.9  208.247
20  2.1  150.836
20  2.3  110.802
20  2.5  82.9691
20  2.7  62.4155
20  2.9  47.177
20  3.1  36.0862
20  3.3  27.9727
20  3.5  21.9113
20  3.7  17.3802
20  3.9  13.9236
20  4.1  11.2642
20  4.3  9.20374
20  4.5  7.57391
20  4.7  6.2903
20  4.9  5.26535
20  5.1  4.4321
20  5.3  3.75385
20  5.5  3.20133
20  5.7  2.74435
20  5.9  2.36436
20  6.1  2.04773
20  6.3  1.78152
20  6.5  1.55715
20  6.7  1.36546
20  6.9  1.20242
20  7.1  1.06306
20  7.3  0.943067
20  7.5  0.839019
20  7.7  0.748464
20  7.9  0.670269
20  8.1  0.601929
20  8.3  0.541876
20  8.5  0.488686
20  8.7  0.441669
20  8.9  0.400568
20  9.1  0.364102
20  9.3  0.331347
20  9.5  0.302194
20  9.7  0.276431
20  9.9  0.253038
20  10.1  0.231923
20  10.3  0.213174
20  10.5  0.196252
20  10.7  0.180913
20  10.9  0.166992
20  11.1  0.15435
20  11.3  0.142984
20  11.5  0.13271
20  11.7  0.12311
20  11.9  0.114541
22  0.1  2544.49
22  0.3  1995.99
22  0.5  1567.33
22  0.7  1208.01
22  0.9  915.847
22  1.1  684.532
22  1.3  505.202
22  1.5  368.798
22  1.7  267.551
22  1.9  193.332
22  2.1  139.828
22  2.3  102.471
22  2.5  76.7184
22  2.7  57.698
22  2.9  43.6049
22  3.1  33.366
22  3.3  25.8707
22  3.5  20.2714
22  3.7  16.0871
22  3.9  12.8953
22  4.1  10.4323
22  4.3  8.52662
22  4.5  7.02243
22  4.7  5.82817
22  4.9  4.87801
22  5.1  4.10838
22  5.3  3.48116
22  5.5  2.9704
22  5.7  2.54546
22  5.9  2.19358
22  6.1  1.89937
22  6.3  1.65272
22  6.5  1.44436
22  6.7  1.2671
22  6.9  1.11582
22  7.1  0.98685
22  7.3  0.875265
22  7.5  0.778604
22  7.7  0.694837
22  7.9  0.622094
22  8.1  0.55885
22  8.3  0.502764
22  8.5  0.453475
22  8.7  0.409948
22  8.9  0.371923
22  9.1  0.337962
22  9.3  0.307698
22  9.5  0.280619
22  9.7  0.256524
22  9.9  0.235011
22  10.1  0.215431
22  10.3  0.197958
22  10.5  0.182234
22  10.7  0.168019
22  10.9  0.155119
22  11.1  0.143388
22  11.3  0.132708
22  11.5  0.123291
22  11.7  0.11426
22  11.9  0.106377
24  0.1  2370.29
24  0.3  1858.96
24  0.5  1458.35
24  0.7  1122.81
24  0.9  848.67
24  1.1  632.004
24  1.3  464.338
24  1.5  337.626
24  1.7  243.541
24  1.9  175.557
24  2.1  126.464
24  2.3  92.6148
24  2.5  69.3105
24  2.7  52.0696
24  2.9  39.392
24  3.1  30.1505
24  3.3  23.376
24  3.5  18.3298
24  3.7  14.55
24  3.9  11.6659
24  4.1  9.44004
24  4.3  7.71839
24  4.5  6.35979
24  4.7  5.28032
24  4.9  4.42058
24  5.1  3.72358
24  5.3  3.15471
24  5.5  2.69142
24  5.7  2.30834
24  5.9  1.98868
24  6.1  1.72233
24  6.3  1.49914
24  6.5  1.3105
24  6.7  1.14948
24  6.9  1.01243
24  7.1  0.895145
24  7.3  0.79422
24  7.5  0.706762
24  7.7  0.630471
24  7.9  0.564736
24  8.1  0.507207
24  8.3  0.45659
24  8.5  0.41174
24  8.7  0.37221
24  8.9  0.337363
24  9.1  0.306645
24  9.3  0.27935
24  9.5  0.254953
24  9.7  0.232854
24  9.9  0.213134
24  10.1  0.195485
24  10.3  0.179632
24  10.5  0.165341
24  10.7  0.152441
24  10.9  0.140892
24  11.1  0.130059
24  11.3  0.120416
24  11.5  0.111823
24  11.7  0.103822
24  11.9  0.0963551
26  0.1  2152.59
26  0.3  1687.24
26  0.5  1323.14
26  0.7  1015.94
26  0.9  765.258
26  1.1  566.925
26  1.3  414.322
26  1.5  299.271
26  1.7  214.843
26  1.9  154.22
26  2.1  110.718
26  2.3  80.9329
26  2.5  60.5043
26  2.7  45.4861
26  2.9  34.4018
26  3.1  26.3353
26  3.3  20.4423
26  3.5  16.0285
26  3.7  12.7306
26  3.9  10.2096
26  4.1  8.27119
26  4.3  6.7634
26  4.5  5.57528
26  4.7  4.62932
26  4.9  3.87563
26  5.1  3.26521
26  5.3  2.76998
26  5.5  2.36272
26  5.7  2.02643
26  5.9  1.74613
26  6.1  1.51229
26  6.3  1.31692
26  6.5  1.1511
26  6.7  1.00978
26  6.9  0.889411
26  7.1  0.786785
26  7.3  0.697956
26  7.5  0.621239
26  7.7  0.554312
26  7.9  0.496303
26  8.1  0.445529
26  8.3  0.401071
26  8.5  0.361863
26  8.7  0.327161
26  8.9  0.296689
26  9.1  0.269684
26  9.3  0.245615
26  9.5  0.224126
26  9.7  0.204651
26  9.9  0.187305
26  10.1  0.171866
26  10.3  0.158155
26  10.5  0.145461
26  10.7  0.134051
26  10.9  0.123925
26  11.1  0.114407
26  11.3  0.105895
26  11.5  0.098335
26  11.7  0.0911808
26  11.9  0.0847407
28  0.1  1878.26
28  0.3  1471.15
28  0.5  1152.96
28  0.7  882.866
28  0.9  661.752
28  1.1  487.056
28  1.3  353.079
28  1.5  253.49
28  1.7  180.766
28  1.9  128.907
28  2.1  92.3246
28  2.3  67.2922
28  2.5  50.2788
28  2.7  37.8152
28  2.9  28.5965
28  3.1  21.9078
28  3.3  17.012
28  3.5  13.3489
28  3.7  10.6102
28  3.9  8.51603
28  4.1  6.89796
28  4.3  5.64371
28  4.5  4.65307
28  4.7  3.86753
28  4.9  3.23914
28  5.1  2.72912
28  5.3  2.31407
28  5.5  1.97524
28  5.7  1.6949
28  5.9  1.46148
28  6.1  1.26546
28  6.3  1.1015
28  6.5  0.962833
28  6.7  0.845298
28  6.9  0.744704
28  7.1  0.658876
28  7.3  0.584377
28  7.5  0.520032
28  7.7  0.464132
28  7.9  0.415496
28  8.1  0.373267
28  8.3  0.335825
28  8.5  0.303021
28  8.7  0.274166
28  8.9  0.248513
28  9.1  0.225939
28  9.3  0.205594
28  9.5  0.187688
28  9.7  0.171415
28  9.9  0.157117
28  10.1  0.143946
28  10.3  0.132285
28  10.5  0.121943
28  10.7  0.112259
28  10.9  0.103643
28  11.1  0.0958068
28  11.3  0.0888237
28  11.5  0.0822498
28  11.7  0.0763422
28  11.9  0.0709515
30  0.1  1546.18
30  0.3  1211.36
30  0.5  947.224
30  0.7  722.661
30  0.9  537.981
30  1.1  392.47
30  1.3  281.842
30  1.5  200.393
30  1.7  141.848
30  1.9  100.539
30  2.1  71.6925
30  2.3  52.1371
30  2.5  38.9393
30  2.7  29.2878
30  2.9  22.1695
30  3.1  16.9946
30  3.3  13.2038
30  3.5  10.3687
30  3.7  8.24744
30  3.9  6.62415
30  4.1  5.36933
30  4.3  4.39397
30  4.5  3.62532
30  4.7  3.01407
30  4.9  2.52607
30  5.1  2.129
30  5.3  1.80488
30  5.5  1.54168
30  5.7  1.32273
30  5.9  1.14062
30  6.1  0.98828
30  6.3  0.860461
30  6.5  0.752287
30  6.7  0.660179
30  6.9  0.581902
30  7.1  0.51461
30  7.3  0.456672
30  7.5  0.406588
30  7.7  0.362912
30  7.9  0.324849
30  8.1  0.29205
30  8.3  0.262548
30  8.5  0.237056
30  8.7  0.214382
30  8.9  0.194497
30  9.1  0.176635
30  9.3  0.160898
30  9.5  0.146764
30  9.7  0.134204
30  9.9  0.122937
30  10.1  0.11268
30  10.3  0.103555
30  10.5  0.0953577
30  10.7  0.0879112
30  10.9  0.0811968
30  11.1  0.0750308
30  11.3  0.0695767
30  11.5  0.064398
30  11.7  0.0598259
30  11.9  0.0555867
32  0.1  1173.98
32  0.3  919.055
32  0.5  717.716
32  0.7  544.617
32  0.9  402.083
32  1.1  290.058
32  1.3  206.095
32  1.5  145.056
32  1.7  101.809
32  1.9  71.644
32  2.1  50.7902
32  2.3  36.897
32  2.5  27.5443
32  2.7  20.7243
32  2.9  15.6985
32  3.1  12.0424
32  3.3  9.36319
32  3.5  7.35911
32  3.7  5.85513
32  3.9  4.70602
32  4.1  3.81536
32  4.3  3.12585
32  4.5  2.58016
32  4.7  2.14402
32  4.9  1.79828
32  5.1  1.51656
32  5.3  1.2859
32  5.5  1.09852
32  5.7  0.942927
32  5.9  0.812998
32  6.1  0.704625
32  6.3  0.613501
32  6.5  0.536838
32  6.7  0.471019
32  6.9  0.41513
32  7.1  0.367444
32  7.3  0.326088
32  7.5  0.290086
32  7.7  0.259031
32  7.9  0.231873
32  8.1  0.208193
32  8.3  0.187528
32  8.5  0.169322
32  8.7  0.15315
32  8.9  0.138922
32  9.1  0.126132
32  9.3  0.114894
32  9.5  0.104828
32  9.7  0.0958851
32  9.9  0.0877508
32  10.1  0.0805175
32  10.3  0.0740399
32  10.5  0.0681612
32  10.7  0.0627937
32  10.9  0.057962
32  11.1  0.0536032
32  11.3  0.0496775
32  11.5  0.0459885
32  11.7  0.0426798
32  11.9  0.0397517
