# fragmentation : LHAPDF (data/prompt-D0-1-109/prompt-D0-1-109_0000.dat, member 0, Q=1*mt0=1.50333)
# channel       : An0n
#   dipole file dir       : data/Pb/bk_posterior/member_0030/glauber_mve_<b>
#   pD0 loop             : 0.1 to 12.0 GeV, step 0.2
#   fixed rapidity y      : 0.5
# ============================================================
# b  pD0  dsigma_dyd2pD0
0  0.1  695.393
0  0.3  541.095
0  0.5  410.448
0  0.7  302.525
0  0.9  219.528
0  1.1  157.997
0  1.3  113.451
0  1.5  81.5665
0  1.7  58.8475
0  1.9  42.7005
0  2.1  31.2188
0  2.3  23.0187
0  2.5  17.1287
0  2.7  12.8687
0  2.9  9.7558
0  3.1  7.46444
0  3.3  5.76376
0  3.5  4.48877
0  3.7  3.52435
0  3.9  2.78872
0  4.1  2.22166
0  4.3  1.78512
0  4.5  1.44184
0  4.7  1.17336
0  4.9  0.960718
0  5.1  0.790193
0  5.3  0.654341
0  5.5  0.544367
0  5.7  0.454922
0  5.9  0.381699
0  6.1  0.322013
0  6.3  0.272324
0  6.5  0.231521
0  6.7  0.197679
0  6.9  0.169285
0  7.1  0.145445
0  7.3  0.125332
0  7.5  0.108363
0  7.7  0.0939538
0  7.9  0.0816744
0  8.1  0.0712249
0  8.3  0.062293
0  8.5  0.0545914
0  8.7  0.0479163
0  8.9  0.0421856
0  9.1  0.0372453
0  9.3  0.0329195
0  9.5  0.0291978
0  9.7  0.0259172
0  9.9  0.0230512
0  10.1  0.0205449
0  10.3  0.0183475
0  10.5  0.0164153
0  10.7  0.0147
0  10.9  0.0131869
0  11.1  0.0118569
0  11.3  0.0106707
0  11.5  0.00961175
0  11.7  0.00867354
0  11.9  0.00784082
2  0.1  694.746
2  0.3  540.59
2  0.5  410.059
2  0.7  302.231
2  0.9  219.305
2  1.1  157.826
2  1.3  113.324
2  1.5  81.4701
2  1.7  58.7747
2  1.9  42.6454
2  2.1  31.177
2  2.3  22.987
2  2.5  17.1033
2  2.7  12.8502
2  2.9  9.7415
2  3.1  7.45332
2  3.3  5.75506
2  3.5  4.48189
2  3.7  3.5189
2  3.9  2.78437
2  4.1  2.21817
2  4.3  1.78224
2  4.5  1.43954
2  4.7  1.17149
2  4.9  0.959172
2  5.1  0.788915
2  5.3  0.653286
2  5.5  0.543482
2  5.7  0.454184
2  5.9  0.38106
2  6.1  0.321484
2  6.3  0.271876
2  6.5  0.231138
2  6.7  0.197351
2  6.9  0.16901
2  7.1  0.145202
2  7.3  0.125123
2  7.5  0.108179
2  7.7  0.0937964
2  7.9  0.0815363
2  8.1  0.0711037
2  8.3  0.0621873
2  8.5  0.0544976
2  8.7  0.0478364
2  8.9  0.0421155
2  9.1  0.0371836
2  9.3  0.0328629
2  9.5  0.0291472
2  9.7  0.0258733
2  9.9  0.023012
2  10.1  0.0205103
2  10.3  0.0183168
2  10.5  0.0163875
2  10.7  0.0146746
2  10.9  0.0131649
2  11.1  0.0118364
2  11.3  0.0106526
2  11.5  0.0095945
2  11.7  0.00865782
2  11.9  0.0078267
4  0.1  692.793
4  0.3  539.066
4  0.5  408.886
4  0.7  301.342
4  0.9  218.635
4  1.1  157.315
4  1.3  112.941
4  1.5  81.1789
4  1.7  58.5549
4  1.9  42.4792
4  2.1  31.0508
4  2.3  22.8913
4  2.5  17.0318
4  2.7  12.7944
4  2.9  9.69837
4  3.1  7.4198
4  3.3  5.72884
4  3.5  4.46122
4  3.7  3.50249
4  3.9  2.77128
4  4.1  2.20764
4  4.3  1.77364
4  4.5  1.4326
4  4.7  1.16582
4  4.9  0.954511
4  5.1  0.785069
4  5.3  0.650089
4  5.5  0.540804
4  5.7  0.451942
4  5.9  0.379152
4  6.1  0.319888
4  6.3  0.270519
4  6.5  0.229982
4  6.7  0.196359
4  6.9  0.168155
4  7.1  0.144471
4  7.3  0.124494
4  7.5  0.10763
4  7.7  0.0933122
4  7.9  0.0811193
4  8.1  0.0707391
4  8.3  0.0618685
4  8.5  0.0542154
4  8.7  0.0475846
4  8.9  0.0418977
4  9.1  0.0369895
4  9.3  0.0326945
4  9.5  0.0289965
4  9.7  0.025738
4  9.9  0.0228915
4  10.1  0.0204043
4  10.3  0.0182228
4  10.5  0.0163034
4  10.7  0.0146
4  10.9  0.0130979
4  11.1  0.0117766
4  11.3  0.010598
4  11.5  0.00954541
4  11.7  0.0086123
4  11.9  0.00778461
6  0.1  689.647
6  0.3  536.491
6  0.5  406.907
6  0.7  299.84
6  0.9  217.499
6  1.1  156.452
6  1.3  112.292
6  1.5  80.6871
6  1.7  58.1839
6  1.9  42.1986
6  2.1  30.8385
6  2.3  22.7296
6  2.5  16.9093
6  2.7  12.7004
6  2.9  9.62573
6  3.1  7.36335
6  3.3  5.68468
6  3.5  4.42643
6  3.7  3.47494
6  3.9  2.74925
6  4.1  2.18996
6  4.3  1.75916
6  4.5  1.42097
6  4.7  1.15627
6  4.9  0.946648
6  5.1  0.778586
6  5.3  0.644661
6  5.5  0.536277
6  5.7  0.448156
6  5.9  0.375986
6  6.1  0.317192
6  6.3  0.268235
6  6.5  0.228028
6  6.7  0.194693
6  6.9  0.16673
6  7.1  0.143239
6  7.3  0.123427
6  7.5  0.10671
6  7.7  0.0925105
6  7.9  0.0804201
6  8.1  0.0701317
6  8.3  0.0613264
6  8.5  0.0537447
6  8.7  0.0471674
6  8.9  0.0415326
6  9.1  0.0366659
6  9.3  0.0324023
6  9.5  0.0287386
6  9.7  0.0255101
6  9.9  0.0226886
6  10.1  0.0202224
6  10.3  0.0180601
6  10.5  0.016158
6  10.7  0.0144701
6  10.9  0.0129826
6  11.1  0.0116733
6  11.3  0.0105063
6  11.5  0.00946335
6  11.7  0.00853877
6  11.9  0.0077181
8  0.1  684.934
8  0.3  532.805
8  0.5  404.089
8  0.7  297.695
8  0.9  215.877
8  1.1  155.232
8  1.3  111.364
8  1.5  79.9848
8  1.7  57.6543
8  1.9  41.7985
8  2.1  30.535
8  2.3  22.499
8  2.5  16.7351
8  2.7  12.5665
8  2.9  9.52235
8  3.1  7.28302
8  3.3  5.6218
8  3.5  4.37697
8  3.7  3.43571
8  3.9  2.7179
8  4.1  2.16478
8  4.3  1.73888
8  4.5  1.40444
8  4.7  1.14273
8  4.9  0.935501
8  5.1  0.769376
8  5.3  0.636991
8  5.5  0.529877
8  5.7  0.442792
8  5.9  0.371421
8  6.1  0.313344
8  6.3  0.264982
8  6.5  0.225253
8  6.7  0.192315
8  6.9  0.164668
8  7.1  0.14148
8  7.3  0.121907
8  7.5  0.105394
8  7.7  0.0913698
8  7.9  0.079424
8  8.1  0.0692609
8  8.3  0.0605733
8  8.5  0.0530785
8  8.7  0.0465865
8  8.9  0.0410137
8  9.1  0.036208
8  9.3  0.0320008
8  9.5  0.0283784
8  9.7  0.0251873
8  9.9  0.0224017
8  10.1  0.0199658
8  10.3  0.0178301
8  10.5  0.0159518
8  10.7  0.0142854
8  10.9  0.0128158
8  11.1  0.0115231
8  11.3  0.0103705
8  11.5  0.00934083
8  11.7  0.00843239
8  11.9  0.00761884
10  0.1  678.696
10  0.3  527.921
10  0.5  400.353
10  0.7  294.86
10  0.9  213.726
10  1.1  153.616
10  1.3  110.134
10  1.5  79.0569
10  1.7  56.9551
10  1.9  41.2709
10  2.1  30.1359
10  2.3  22.196
10  2.5  16.5054
10  2.7  12.3901
10  2.9  9.3863
10  3.1  7.17737
10  3.3  5.53918
10  3.5  4.31188
10  3.7  3.38403
10  3.9  2.67671
10  4.1  2.13172
10  4.3  1.71236
10  4.5  1.38268
10  4.7  1.12493
10  4.9  0.920856
10  5.1  0.757261
10  5.3  0.626925
10  5.5  0.521467
10  5.7  0.435735
10  5.9  0.365461
10  6.1  0.308327
10  6.3  0.26071
10  6.5  0.221613
10  6.7  0.189205
10  6.9  0.161997
10  7.1  0.139179
10  7.3  0.119919
10  7.5  0.103668
10  7.7  0.0898685
10  7.9  0.0781206
10  8.1  0.0681194
10  8.3  0.0595709
10  8.5  0.0521983
10  8.7  0.0458107
10  8.9  0.0403314
10  9.1  0.0356025
10  9.3  0.0314638
10  9.5  0.0279064
10  9.7  0.0247698
10  9.9  0.0220297
10  10.1  0.0196342
10  10.3  0.0175331
10  10.5  0.0156854
10  10.7  0.0140459
10  10.9  0.0126001
10  11.1  0.0113287
10  11.3  0.0101952
10  11.5  0.00918195
10  11.7  0.00828466
10  11.9  0.00748857
12  0.1  670.755
12  0.3  521.712
12  0.5  395.601
12  0.7  291.257
12  0.9  210.98
12  1.1  151.549
12  1.3  108.575
12  1.5  77.8829
12  1.7  56.0707
12  1.9  40.6046
12  2.1  29.633
12  2.3  21.8147
12  2.5  16.2144
12  2.7  12.1678
12  2.9  9.21493
12  3.1  7.04432
12  3.3  5.43516
12  3.5  4.22997
12  3.7  3.3191
12  3.9  2.62488
12  4.1  2.09007
12  4.3  1.67857
12  4.5  1.35535
12  4.7  1.10254
12  4.9  0.902425
12  5.1  0.742027
12  5.3  0.614267
12  5.5  0.510929
12  5.7  0.426851
12  5.9  0.358043
12  6.1  0.302007
12  6.3  0.255356
12  6.5  0.217045
12  6.7  0.185288
12  6.9  0.158636
12  7.1  0.136283
12  7.3  0.117416
12  7.5  0.1015
12  7.7  0.0879889
12  7.9  0.0764785
12  8.1  0.0666838
12  8.3  0.058315
12  8.5  0.0510974
12  8.7  0.0448419
12  8.9  0.039478
12  9.1  0.034848
12  9.3  0.0307933
12  9.5  0.0273098
12  9.7  0.0242405
12  9.9  0.0215578
12  10.1  0.0192131
12  10.3  0.0171576
12  10.5  0.0153493
12  10.7  0.0137446
12  10.9  0.0123295
12  11.1  0.0110844
12  11.3  0.00997523
12  11.5  0.00898376
12  11.7  0.00810959
12  11.9  0.00732726
14  0.1  660.755
14  0.3  513.994
14  0.5  389.693
14  0.7  286.775
14  0.9  207.606
14  1.1  148.96
14  1.3  106.654
14  1.5  76.4306
14  1.7  54.9779
14  1.9  39.7832
14  2.1  29.013
14  2.3  21.3451
14  2.5  15.8581
14  2.7  11.8944
14  2.9  9.00425
14  3.1  6.88093
14  3.3  5.30746
14  3.5  4.12948
14  3.7  3.23942
14  3.9  2.56135
14  4.1  2.03909
14  4.3  1.63572
14  4.5  1.32182
14  4.7  1.0751
14  4.9  0.879837
14  5.1  0.723366
14  5.3  0.598759
14  5.5  0.497909
14  5.7  0.415971
14  5.9  0.34884
14  6.1  0.294264
14  6.3  0.24879
14  6.5  0.211442
14  6.7  0.180493
14  6.9  0.15453
14  7.1  0.132733
14  7.3  0.114356
14  7.5  0.0988485
14  7.7  0.0856838
14  7.9  0.0744688
14  8.1  0.0649284
14  8.3  0.0567766
14  8.5  0.0497472
14  8.7  0.0436932
14  8.9  0.0384655
14  9.1  0.0339209
14  9.3  0.0299736
14  9.5  0.0265822
14  9.7  0.0235912
14  9.9  0.0209805
14  10.1  0.0186976
14  10.3  0.0166957
14  10.5  0.0149353
14  10.7  0.0133739
14  10.9  0.0119972
14  11.1  0.0107868
14  11.3  0.00970674
14  11.5  0.00874243
14  11.7  0.00788787
14  11.9  0.00712876
16  0.1  648.759
16  0.3  504.703
16  0.5  382.439
16  0.7  281.295
16  0.9  203.464
16  1.1  145.838
16  1.3  104.306
16  1.5  74.6586
16  1.7  53.6471
16  1.9  38.7839
16  2.1  28.2601
16  2.3  20.7746
16  2.5  15.4237
16  2.7  11.5631
16  2.9  8.74911
16  3.1  6.68321
16  3.3  5.15298
16  3.5  4.00801
16  3.7  3.14308
16  3.9  2.48459
16  4.1  1.97752
16  4.3  1.586
16  4.5  1.28136
16  4.7  1.04201
16  4.9  0.851955
16  5.1  0.700896
16  5.3  0.580024
16  5.5  0.482333
16  5.7  0.402881
16  5.9  0.337824
16  6.1  0.284945
16  6.3  0.240885
16  6.5  0.204712
16  6.7  0.174721
16  6.9  0.149562
16  7.1  0.128463
16  7.3  0.110667
16  7.5  0.0956507
16  7.7  0.0829114
16  7.9  0.0720533
16  8.1  0.0628201
16  8.3  0.0549203
16  8.5  0.0481231
16  8.7  0.0422643
16  8.9  0.0372032
16  9.1  0.0327964
16  9.3  0.0289864
16  9.5  0.0257035
16  9.7  0.022811
16  9.9  0.0202863
16  10.1  0.0180783
16  10.3  0.0161432
16  10.5  0.0144404
16  10.7  0.0129309
16  10.9  0.0116034
16  11.1  0.010427
16  11.3  0.00938312
16  11.5  0.00845355
16  11.7  0.00762648
16  11.9  0.00688987
18  0.1  633.805
18  0.3  493.125
18  0.5  373.401
18  0.7  274.601
18  0.9  198.42
18  1.1  142.029
18  1.3  101.436
18  1.5  72.505
18  1.7  52.0333
18  1.9  37.574
18  2.1  27.3501
18  2.3  20.0867
18  2.5  14.9021
18  2.7  11.1638
18  2.9  8.44192
18  3.1  6.44549
18  3.3  4.96731
18  3.5  3.86197
18  3.7  3.02746
18  3.9  2.39243
18  4.1  1.90361
18  4.3  1.52633
18  4.5  1.23284
18  4.7  1.00233
18  4.9  0.819328
18  5.1  0.673941
18  5.3  0.557661
18  5.5  0.463609
18  5.7  0.387252
18  5.9  0.324625
18  6.1  0.273775
18  6.3  0.231407
18  6.5  0.196623
18  6.7  0.167791
18  6.9  0.143614
18  7.1  0.123338
18  7.3  0.106237
18  7.5  0.0918196
18  7.7  0.079576
18  7.9  0.0691413
18  8.1  0.0602795
18  8.3  0.0527028
18  8.5  0.0461764
18  8.7  0.0405509
18  8.9  0.0356992
18  9.1  0.0314609
18  9.3  0.0278123
18  9.5  0.0246578
18  9.7  0.0218809
18  9.9  0.0194586
18  10.1  0.0173402
18  10.3  0.0154822
18  10.5  0.0138467
18  10.7  0.0123978
18  10.9  0.0111201
18  11.1  0.0099957
18  11.3  0.00899374
18  11.5  0.00810221
18  11.7  0.00730956
18  11.9  0.00660378
20  0.1  615.621
20  0.3  478.897
20  0.5  362.46
20  0.7  266.359
20  0.9  192.208
20  1.1  137.43
20  1.3  97.926
20  1.5  69.8826
20  1.7  50.0718
20  1.9  36.1063
20  2.1  26.2482
20  2.3  19.2559
20  2.5  14.2722
20  2.7  10.6823
20  2.9  8.07208
20  3.1  6.15905
20  3.3  4.7438
20  3.5  3.68631
20  3.7  2.88852
20  3.9  2.28173
20  4.1  1.81486
20  4.3  1.45464
20  4.5  1.17459
20  4.7  0.954708
20  4.9  0.780195
20  5.1  0.641593
20  5.3  0.530742
20  5.5  0.441181
20  5.7  0.368429
20  5.9  0.308795
20  6.1  0.260369
20  6.3  0.220064
20  6.5  0.187084
20  6.7  0.15936
20  6.9  0.136506
20  7.1  0.117229
20  7.3  0.100957
20  7.5  0.087249
20  7.7  0.0756045
20  7.9  0.0656877
20  8.1  0.0572657
20  8.3  0.0500588
20  8.5  0.0438555
20  8.7  0.0385134
20  8.9  0.0338939
20  9.1  0.029869
20  9.3  0.0264095
20  9.5  0.0233853
20  9.7  0.0207697
20  9.9  0.0184669
20  10.1  0.0164528
20  10.3  0.014692
20  10.5  0.0131334
20  10.7  0.0117621
20  10.9  0.0105494
20  11.1  0.00948214
20  11.3  0.00853162
20  11.5  0.00768321
20  11.7  0.00693441
20  11.9  0.00626499
22  0.1  592.975
22  0.3  460.971
22  0.5  348.902
22  0.7  256.14
22  0.9  184.538
22  1.1  131.62
22  1.3  93.6299
22  1.5  66.6637
22  1.7  47.6711
22  1.9  34.3136
22  2.1  24.9154
22  2.3  18.251
22  2.5  13.5073
22  2.7  10.0986
22  2.9  7.62433
22  3.1  5.81268
22  3.3  4.47386
22  3.5  3.47425
22  3.7  2.72089
22  3.9  2.14816
22  4.1  1.70786
22  4.3  1.36838
22  4.5  1.10532
22  4.7  0.89742
22  4.9  0.733168
22  5.1  0.602738
22  5.3  0.498401
22  5.5  0.414265
22  5.7  0.345799
22  5.9  0.289811
22  6.1  0.244296
22  6.3  0.206559
22  6.5  0.175465
22  6.7  0.149445
22  6.9  0.127982
22  7.1  0.109883
22  7.3  0.094609
22  7.5  0.0817512
22  7.7  0.0708213
22  7.9  0.0615304
22  8.1  0.0536329
22  8.3  0.0468739
22  8.5  0.0410631
22  8.7  0.0360086
22  8.9  0.0317231
22  9.1  0.0279551
22  9.3  0.0247099
22  9.5  0.0218828
22  9.7  0.0194342
22  9.9  0.0172783
22  10.1  0.0153947
22  10.3  0.0137428
22  10.5  0.0122876
22  10.7  0.0110041
22  10.9  0.00986734
22  11.1  0.00886759
22  11.3  0.00797827
22  11.5  0.00718638
22  11.7  0.00648212
22  11.9  0.00585517
24  0.1  564.357
24  0.3  438.656
24  0.5  331.811
24  0.7  243.125
24  0.9  174.769
24  1.1  124.417
24  1.3  88.2343
24  1.5  62.6803
24  1.7  44.6997
24  1.9  32.1013
24  2.1  23.2588
24  2.3  17.0099
24  2.5  12.5699
24  2.7  9.38505
24  2.9  7.07751
24  3.1  5.39019
24  3.3  4.145
24  3.5  3.21621
24  3.7  2.51711
24  3.9  1.98593
24  4.1  1.57797
24  4.3  1.26373
24  4.5  1.02026
24  4.7  0.82855
24  4.9  0.676663
24  5.1  0.556029
24  5.3  0.459295
24  5.5  0.381599
24  5.7  0.318432
24  5.9  0.266812
24  6.1  0.224832
24  6.3  0.190086
24  6.5  0.161386
24  6.7  0.137426
24  6.9  0.117663
24  7.1  0.100996
24  7.3  0.0869431
24  7.5  0.0751166
24  7.7  0.0650735
24  7.9  0.0565089
24  8.1  0.0492485
24  8.3  0.0430384
24  8.5  0.0376942
24  8.7  0.0330972
24  8.9  0.0291135
24  9.1  0.0256494
24  9.3  0.0226773
24  9.5  0.0200873
24  9.7  0.0178226
24  9.9  0.0158481
24  10.1  0.0141169
24  10.3  0.0126023
24  10.5  0.011265
24  10.7  0.0100864
24  10.9  0.00904351
24  11.1  0.00812404
24  11.3  0.00731056
24  11.5  0.00658412
24  11.7  0.00593773
24  11.9  0.00536475
26  0.1  527.808
26  0.3  410.054
26  0.5  309.945
26  0.7  226.685
26  0.9  162.582
26  1.1  115.273
26  1.3  81.4601
26  1.5  57.6477
26  1.7  40.9806
26  1.9  29.3447
26  2.1  21.2084
26  2.3  15.4741
26  2.5  11.413
26  2.7  8.50665
26  2.9  6.40503
26  3.1  4.87162
26  3.3  3.74161
26  3.5  2.90031
26  3.7  2.26774
26  3.9  1.78759
26  4.1  1.42005
26  4.3  1.13583
26  4.5  0.916446
26  4.7  0.743793
26  4.9  0.606382
26  5.1  0.498577
26  5.3  0.411711
26  5.5  0.341863
26  5.7  0.285143
26  5.9  0.238819
26  6.1  0.201201
26  6.3  0.169986
26  6.5  0.144319
26  6.7  0.122856
26  6.9  0.105147
26  7.1  0.0902198
26  7.3  0.0776468
26  7.5  0.0670653
26  7.7  0.0580898
26  7.9  0.0504274
26  8.1  0.0439362
26  8.3  0.0383882
26  8.5  0.0336176
26  8.7  0.0294752
26  8.9  0.0259518
26  9.1  0.0228625
26  9.3  0.0202034
26  9.5  0.0178934
26  9.7  0.015871
26  9.9  0.014109
26  10.1  0.0125679
26  10.3  0.0112151
26  10.5  0.010026
26  10.7  0.00897642
26  10.9  0.0080497
26  11.1  0.00723093
26  11.3  0.00650504
26  11.5  0.0058584
26  11.7  0.00528207
26  11.9  0.00477092
28  0.1  480.416
28  0.3  373.147
28  0.5  281.904
28  0.7  205.549
28  0.9  146.795
28  1.1  103.678
28  1.3  72.8761
28  1.5  51.3252
28  1.7  36.33
28  1.9  25.9145
28  2.1  18.6667
28  2.3  13.5829
28  2.5  9.98802
28  2.7  7.42876
28  2.9  5.58235
28  3.1  4.23832
28  3.3  3.25027
28  3.5  2.51602
28  3.7  1.9647
28  3.9  1.54698
28  4.1  1.22764
28  4.3  0.981001
28  4.5  0.790074
28  4.7  0.641318
28  4.9  0.523033
28  5.1  0.429257
28  5.3  0.354224
28  5.5  0.29396
28  5.7  0.245033
28  5.9  0.205122
28  6.1  0.172721
28  6.3  0.145749
28  6.5  0.123669
28  6.7  0.10541
28  6.9  0.0900381
28  7.1  0.0772841
28  7.3  0.0664909
28  7.5  0.0574086
28  7.7  0.0496978
28  7.9  0.0431235
28  8.1  0.037573
28  8.3  0.0328194
28  8.5  0.028702
28  8.7  0.025207
28  8.9  0.022145
28  9.1  0.019517
28  9.3  0.0172359
28  9.5  0.0152646
28  9.7  0.0135371
28  9.9  0.0120324
28  10.1  0.0107156
28  10.3  0.00956109
28  10.5  0.00854827
28  10.7  0.00764563
28  10.9  0.00685607
28  11.1  0.00615719
28  11.3  0.0055376
28  11.5  0.00498542
28  11.7  0.0044947
28  11.9  0.00405965
30  0.1  420.232
30  0.3  326.302
30  0.5  246.008
30  0.7  178.832
30  0.9  127.025
30  1.1  89.1419
30  1.3  62.261
30  1.5  43.5729
30  1.7  30.6682
30  1.9  21.7677
30  2.1  15.606
30  2.3  11.3134
30  2.5  8.28991
30  2.7  6.1482
30  2.9  4.60806
30  3.1  3.49068
30  3.3  2.67076
30  3.5  2.06364
30  3.7  1.60877
30  3.9  1.26473
30  4.1  1.0022
30  4.3  0.800592
30  4.5  0.643441
30  4.7  0.521759
30  4.9  0.424713
30  5.1  0.348519
30  5.3  0.28733
30  5.5  0.238247
30  5.7  0.198463
30  5.9  0.166
30  6.1  0.13966
30  6.3  0.117809
30  6.5  0.0998871
30  6.7  0.0849771
30  6.9  0.0726773
30  7.1  0.0623093
30  7.3  0.0535591
30  7.5  0.0462121
30  7.7  0.0399846
30  7.9  0.0346863
30  8.1  0.0302016
30  8.3  0.0263598
30  8.5  0.0230651
30  8.7  0.0202379
30  8.9  0.0177946
30  9.1  0.015664
30  9.3  0.0138401
30  9.5  0.0122418
30  9.7  0.010861
30  9.9  0.00965181
30  10.1  0.00859282
30  10.3  0.00766421
30  10.5  0.00684641
30  10.7  0.00612025
30  10.9  0.00548499
30  11.1  0.00492312
30  11.3  0.00442418
30  11.5  0.00398155
30  11.7  0.00358815
30  11.9  0.00323957
32  0.1  348.089
32  0.3  270.26
32  0.5  203.309
32  0.7  147.063
32  0.9  103.695
32  1.1  72.1374
32  1.3  49.9947
32  1.5  34.7048
32  1.7  24.248
32  1.9  17.1011
32  2.1  12.1922
32  2.3  8.7927
32  2.5  6.41635
32  2.7  4.74003
32  2.9  3.53985
32  3.1  2.67342
32  3.3  2.03949
32  3.5  1.57204
32  3.7  1.22285
32  3.9  0.959334
32  4.1  0.758724
32  4.3  0.605038
32  4.5  0.4855
32  4.7  0.392801
32  4.9  0.31966
32  5.1  0.261895
32  5.3  0.215643
32  5.5  0.178603
32  5.7  0.148631
32  5.9  0.124284
32  6.1  0.104377
32  6.3  0.0879569
32  6.5  0.0745057
32  6.7  0.0633643
32  6.9  0.054145
32  7.1  0.0463814
32  7.3  0.0398463
32  7.5  0.0343499
32  7.7  0.029701
32  7.9  0.0257534
32  8.1  0.0224083
32  8.3  0.0195472
32  8.5  0.0170889
32  8.7  0.0149841
32  8.9  0.013164
32  9.1  0.0115901
32  9.3  0.0102158
32  9.5  0.00903943
32  9.7  0.00800579
32  9.9  0.00711452
32  10.1  0.00633039
32  10.3  0.00564413
32  10.5  0.00503767
32  10.7  0.00450857
32  10.9  0.00403724
32  11.1  0.00362433
32  11.3  0.00325617
32  11.5  0.0029305
32  11.7  0.00264053
32  11.9  0.00238295
34  0.1  270.716
34  0.3  210.038
34  0.5  157.68
34  0.7  113.326
34  0.9  79.1816
34  1.1  54.5287
34  1.3  37.3867
34  1.5  25.7066
34  1.7  17.8038
34  1.9  12.4562
34  2.1  8.8189
34  2.3  6.32228
34  2.5  4.58689
34  2.7  3.37093
34  2.9  2.50872
34  3.1  1.88613
34  3.3  1.43488
34  3.5  1.10256
34  3.7  0.855117
34  3.9  0.668697
34  4.1  0.527482
34  4.3  0.420062
34  4.5  0.336666
34  4.7  0.271615
34  4.9  0.220695
34  5.1  0.180434
34  5.3  0.148359
34  5.5  0.122702
34  5.7  0.10188
34  5.9  0.0851507
34  6.1  0.0714138
34  6.3  0.0600852
34  6.5  0.0508958
34  6.7  0.0432406
34  6.9  0.036871
34  7.1  0.0315522
34  7.3  0.0270873
34  7.5  0.0233219
34  7.7  0.0201418
34  7.9  0.0174541
34  8.1  0.0151783
34  8.3  0.013219
34  8.5  0.0115567
34  8.7  0.0101255
34  8.9  0.0088923
34  9.1  0.00781618
34  9.3  0.0068976
34  9.5  0.00609402
34  9.7  0.00539336
34  9.9  0.0047879
34  10.1  0.00425843
34  10.3  0.00379358
34  10.5  0.00338466
34  10.7  0.00302779
34  10.9  0.00270937
34  11.1  0.00243029
34  11.3  0.00218349
34  11.5  0.00196221
34  11.7  0.00176671
34  11.9  0.00159351
