# fragmentation : Kniehl & Kramer (N=0.694, eps=0.101)
# channel       : An0n
#   dipole file dir       : data/Pb/bk_posterior/member_0028/glauber_mve_<b>
#   pD0 loop             : 0.1 to 12.0 GeV, step 0.2
#   fixed rapidity y      : -2.5
# ============================================================
# b  pD0  dsigma_dyd2pD0
0  0.1  1114.11
0  0.3  735.34
0  0.5  509.384
0  0.7  358.488
0  0.9  253.894
0  1.1  180.469
0  1.3  128.662
0  1.5  92.0034
0  1.7  66.045
0  1.9  47.6616
0  2.1  34.6588
0  2.3  25.427
0  2.5  18.8309
0  2.7  14.0969
0  2.9  10.6671
0  3.1  8.15609
0  3.3  6.30268
0  3.5  4.92201
0  3.7  3.88236
0  3.9  3.08829
0  4.1  2.47744
0  4.3  2.04442
0  4.5  1.71095
0  4.7  1.44142
0  4.9  1.22228
0  5.1  1.04387
0  5.3  0.895953
0  5.5  0.773713
0  5.7  0.671119
0  5.9  0.585625
0  6.1  0.513032
0  6.3  0.451435
0  6.5  0.398924
0  6.7  0.353743
0  6.9  0.314687
0  7.1  0.280866
0  7.3  0.251457
0  7.5  0.22591
0  7.7  0.203537
0  7.9  0.183783
0  8.1  0.166393
0  8.3  0.151026
0  8.5  0.137267
0  8.7  0.125225
0  8.9  0.114418
0  9.1  0.104655
0  9.3  0.0959844
0  9.5  0.0881777
0  9.7  0.0811911
0  9.9  0.0748045
0  10.1  0.0691374
0  10.3  0.0639438
0  10.5  0.0592119
0  10.7  0.0548275
0  10.9  0.0509745
0  11.1  0.0473896
0  11.3  0.0441668
0  11.5  0.041208
0  11.7  0.0383712
0  11.9  0.035957
2  0.1  1112.7
2  0.3  734.388
2  0.5  508.713
2  0.7  358.024
2  0.9  253.53
2  1.1  180.26
2  1.3  128.457
2  1.5  91.8497
2  1.7  65.9505
2  1.9  47.5744
2  2.1  34.5944
2  2.3  25.3771
2  2.5  18.7941
2  2.7  14.0708
2  2.9  10.6469
2  3.1  8.14091
2  3.3  6.28955
2  3.5  4.91001
2  3.7  3.87321
2  3.9  3.08193
2  4.1  2.47136
2  4.3  2.04124
2  4.5  1.70768
2  4.7  1.43777
2  4.9  1.22002
2  5.1  1.04194
2  5.3  0.894847
2  5.5  0.772469
2  5.7  0.670303
2  5.9  0.58416
2  6.1  0.512041
2  6.3  0.450723
2  6.5  0.398136
2  6.7  0.353115
2  6.9  0.313717
2  7.1  0.280318
2  7.3  0.251033
2  7.5  0.225429
2  7.7  0.202935
2  7.9  0.183238
2  8.1  0.16611
2  8.3  0.150555
2  8.5  0.137103
2  8.7  0.125008
2  8.9  0.114214
2  9.1  0.104408
2  9.3  0.0957679
2  9.5  0.0881029
2  9.7  0.0809712
2  9.9  0.0747003
2  10.1  0.0690207
2  10.3  0.0637661
2  10.5  0.0590824
2  10.7  0.0547207
2  10.9  0.0508406
2  11.1  0.0473012
2  11.3  0.043998
2  11.5  0.0410425
2  11.7  0.0383807
2  11.9  0.0358571
4  0.1  1108.44
4  0.3  731.413
4  0.5  506.68
4  0.7  356.579
4  0.9  252.439
4  1.1  179.483
4  1.3  127.839
4  1.5  91.3979
4  1.7  65.6025
4  1.9  47.3131
4  2.1  34.3996
4  2.3  25.2275
4  2.5  18.684
4  2.7  13.9844
4  2.9  10.5822
4  3.1  8.09247
4  3.3  6.25388
4  3.5  4.88349
4  3.7  3.85087
4  3.9  3.0627
4  4.1  2.45769
4  4.3  2.02961
4  4.5  1.69739
4  4.7  1.42959
4  4.9  1.21247
4  5.1  1.03481
4  5.3  0.889556
4  5.5  0.767868
4  5.7  0.666098
4  5.9  0.580971
4  6.1  0.508879
4  6.3  0.447946
4  6.5  0.395736
4  6.7  0.351002
4  6.9  0.312323
4  7.1  0.278633
4  7.3  0.249574
4  7.5  0.22416
4  7.7  0.201858
4  7.9  0.182329
4  8.1  0.165106
4  8.3  0.149772
4  8.5  0.13626
4  8.7  0.124257
4  8.9  0.113424
4  9.1  0.103854
4  9.3  0.09524
4  9.5  0.0875092
4  9.7  0.0805906
4  9.9  0.0742711
4  10.1  0.0686105
4  10.3  0.0634215
4  10.5  0.0586878
4  10.7  0.0544164
4  10.9  0.0506106
4  11.1  0.0470522
4  11.3  0.0437689
4  11.5  0.0408613
4  11.7  0.0381306
4  11.9  0.0356636
6  0.1  1101.53
6  0.3  726.653
6  0.5  503.32
6  0.7  354.061
6  0.9  250.607
6  1.1  178.01
6  1.3  126.872
6  1.5  90.601
6  1.7  65.0155
6  1.9  46.8716
6  2.1  34.0714
6  2.3  24.9894
6  2.5  18.4999
6  2.7  13.8441
6  2.9  10.4762
6  3.1  8.00945
6  3.3  6.18965
6  3.5  4.83222
6  3.7  3.81236
6  3.9  3.0321
6  4.1  2.43342
6  4.3  2.00868
6  4.5  1.68039
6  4.7  1.41495
6  4.9  1.19993
6  5.1  1.02464
6  5.3  0.880523
6  5.5  0.760454
6  5.7  0.660125
6  5.9  0.575255
6  6.1  0.503896
6  6.3  0.443566
6  6.5  0.392007
6  6.7  0.347673
6  6.9  0.309024
6  7.1  0.275999
6  7.3  0.247085
6  7.5  0.22196
6  7.7  0.199726
6  7.9  0.18054
6  8.1  0.163459
6  8.3  0.14834
6  8.5  0.134869
6  8.7  0.123022
6  8.9  0.112276
6  9.1  0.102976
6  9.3  0.0942233
6  9.5  0.0867094
6  9.7  0.0797978
6  9.9  0.0735757
6  10.1  0.0678248
6  10.3  0.062719
6  10.5  0.0580805
6  10.7  0.0539027
6  10.9  0.050113
6  11.1  0.046576
6  11.3  0.0433449
6  11.5  0.0404653
6  11.7  0.037704
6  11.9  0.0352668
8  0.1  1091.42
8  0.3  719.878
8  0.5  498.447
8  0.7  350.557
8  0.9  248.005
8  1.1  176.103
8  1.3  125.38
8  1.5  89.4876
8  1.7  64.1685
8  1.9  46.2631
8  2.1  33.6115
8  2.3  24.6369
8  2.5  18.2347
8  2.7  13.6465
8  2.9  10.3245
8  3.1  7.8945
8  3.3  6.09972
8  3.5  4.76163
8  3.7  3.75664
8  3.9  2.98781
8  4.1  2.39771
8  4.3  1.97984
8  4.5  1.65496
8  4.7  1.39499
8  4.9  1.18298
8  5.1  1.01018
8  5.3  0.867901
8  5.5  0.749594
8  5.7  0.650558
8  5.9  0.567
8  6.1  0.496788
8  6.3  0.437313
8  6.5  0.386297
8  6.7  0.342657
8  6.9  0.304706
8  7.1  0.272021
8  7.3  0.243639
8  7.5  0.218853
8  7.7  0.197104
8  7.9  0.17816
8  8.1  0.161171
8  8.3  0.146308
8  8.5  0.133025
8  8.7  0.12131
8  8.9  0.110825
8  9.1  0.101465
8  9.3  0.0930467
8  9.5  0.0854501
8  9.7  0.0785744
8  9.9  0.072476
8  10.1  0.0668998
8  10.3  0.061969
8  10.5  0.0573162
8  10.7  0.0531845
8  10.9  0.0493325
8  11.1  0.0459534
8  11.3  0.0427419
8  11.5  0.0398362
8  11.7  0.0372307
8  11.9  0.0347811
10  0.1  1077.97
10  0.3  710.668
10  0.5  491.959
10  0.7  345.85
10  0.9  244.542
10  1.1  173.509
10  1.3  123.371
10  1.5  88.0424
10  1.7  63.0756
10  1.9  45.4309
10  2.1  33.0023
10  2.3  24.1798
10  2.5  17.8934
10  2.7  13.3844
10  2.9  10.1253
10  3.1  7.74203
10  3.3  5.98036
10  3.5  4.67092
10  3.7  3.68212
10  3.9  2.93038
10  4.1  2.35106
10  4.3  1.94202
10  4.5  1.6236
10  4.7  1.36711
10  4.9  1.16055
10  5.1  0.99124
10  5.3  0.85094
10  5.5  0.735359
10  5.7  0.638039
10  5.9  0.556784
10  6.1  0.487847
10  6.3  0.429258
10  6.5  0.379321
10  6.7  0.336221
10  6.9  0.299009
10  7.1  0.266958
10  7.3  0.239172
10  7.5  0.214603
10  7.7  0.193208
10  7.9  0.174667
10  8.1  0.15817
10  8.3  0.143497
10  8.5  0.130566
10  8.7  0.119065
10  8.9  0.108737
10  9.1  0.0996034
10  9.3  0.0913651
10  9.5  0.0838468
10  9.7  0.0772409
10  9.9  0.0711557
10  10.1  0.0657622
10  10.3  0.0607927
10  10.5  0.0563276
10  10.7  0.0521958
10  10.9  0.0484839
10  11.1  0.0451239
10  11.3  0.042016
10  11.5  0.0391746
10  11.7  0.0365179
10  11.9  0.034207
12  0.1  1061.14
12  0.3  699.318
12  0.5  484.33
12  0.7  339.914
12  0.9  240.12
12  1.1  170.266
12  1.3  120.912
12  1.5  86.1662
12  1.7  61.7064
12  1.9  44.4044
12  2.1  32.2345
12  2.3  23.6095
12  2.5  17.4626
12  2.7  13.0586
12  2.9  9.87764
12  3.1  7.55232
12  3.3  5.83406
12  3.5  4.55639
12  3.7  3.5934
12  3.9  2.85789
12  4.1  2.29331
12  4.3  1.89413
12  4.5  1.5827
12  4.7  1.33413
12  4.9  1.1324
12  5.1  0.967062
12  5.3  0.830572
12  5.5  0.71728
12  5.7  0.622691
12  5.9  0.542972
12  6.1  0.475887
12  6.3  0.418641
12  6.5  0.369881
12  6.7  0.328192
12  6.9  0.291995
12  7.1  0.260387
12  7.3  0.233311
12  7.5  0.209543
12  7.7  0.188926
12  7.9  0.170606
12  8.1  0.15437
12  8.3  0.140046
12  8.5  0.12747
12  8.7  0.116228
12  8.9  0.106223
12  9.1  0.0972571
12  9.3  0.0891637
12  9.5  0.0818172
12  9.7  0.0753733
12  9.9  0.0694745
12  10.1  0.0641214
12  10.3  0.0592894
12  10.5  0.0549497
12  10.7  0.0509481
12  10.9  0.0472848
12  11.1  0.0440002
12  11.3  0.040947
12  11.5  0.0382096
12  11.7  0.035672
12  11.9  0.0333195
14  0.1  1040.25
14  0.3  685.573
14  0.5  473.783
14  0.7  332.683
14  0.9  234.754
14  1.1  166.208
14  1.3  117.877
14  1.5  83.9546
14  1.7  59.9895
14  1.9  43.1488
14  2.1  31.3031
14  2.3  22.9077
14  2.5  16.9367
14  2.7  12.6667
14  2.9  9.57596
14  3.1  7.32096
14  3.3  5.65536
14  3.5  4.41613
14  3.7  3.48133
14  3.9  2.76977
14  4.1  2.22353
14  4.3  1.83613
14  4.5  1.53472
14  4.7  1.29413
14  4.9  1.09777
14  5.1  0.937651
14  5.3  0.805198
14  5.5  0.695731
14  5.7  0.603903
14  5.9  0.526792
14  6.1  0.461472
14  6.3  0.406378
14  6.5  0.359065
14  6.7  0.31833
14  6.9  0.283294
14  7.1  0.252806
14  7.3  0.226343
14  7.5  0.203379
14  7.7  0.1831
14  7.9  0.165476
14  8.1  0.149841
14  8.3  0.13599
14  8.5  0.123678
14  8.7  0.112737
14  8.9  0.103003
14  9.1  0.0943342
14  9.3  0.0864687
14  9.5  0.0793698
14  9.7  0.0730714
14  9.9  0.0674415
14  10.1  0.0622046
14  10.3  0.0575782
14  10.5  0.0532745
14  10.7  0.0495268
14  10.9  0.0459503
14  11.1  0.0426939
14  11.3  0.0397223
14  11.5  0.03708
14  11.7  0.034587
14  11.9  0.032374
16  0.1  1014.57
16  0.3  668.262
16  0.5  461.667
16  0.7  323.714
16  0.9  228.174
16  1.1  161.261
16  1.3  114.223
16  1.5  81.2206
16  1.7  57.9569
16  1.9  41.6354
16  2.1  30.1657
16  2.3  22.0696
16  2.5  16.3053
16  2.7  12.1941
16  2.9  9.21518
16  3.1  7.0425
16  3.3  5.4412
16  3.5  4.24698
16  3.7  3.34919
16  3.9  2.66555
16  4.1  2.13795
16  4.3  1.76575
16  4.5  1.47765
16  4.7  1.24508
16  4.9  1.05705
16  5.1  0.902218
16  5.3  0.775198
16  5.5  0.6697
16  5.7  0.581739
16  5.9  0.507322
16  6.1  0.444446
16  6.3  0.391245
16  6.5  0.345825
16  6.7  0.306655
16  6.9  0.272919
16  7.1  0.243541
16  7.3  0.218115
16  7.5  0.195937
16  7.7  0.176438
16  7.9  0.15936
16  8.1  0.144307
16  8.3  0.131052
16  8.5  0.11912
16  8.7  0.108594
16  8.9  0.0992092
16  9.1  0.0909403
16  9.3  0.0832905
16  9.5  0.0765396
16  9.7  0.0704138
16  9.9  0.0649078
16  10.1  0.0600133
16  10.3  0.0554934
16  10.5  0.0513964
16  10.7  0.0476388
16  10.9  0.0442291
16  11.1  0.0411701
16  11.3  0.0382955
16  11.5  0.0357609
16  11.7  0.0333803
16  11.9  0.0312117
18  0.1  983.01
18  0.3  646.975
18  0.5  447.218
18  0.7  312.896
18  0.9  220.179
18  1.1  155.347
18  1.3  109.867
18  1.5  77.9293
18  1.7  55.5502
18  1.9  39.8476
18  2.1  28.8404
18  2.3  21.0727
18  2.5  15.5649
18  2.7  11.6295
18  2.9  8.78758
18  3.1  6.71467
18  3.3  5.18625
18  3.5  4.0516
18  3.7  3.19301
18  3.9  2.54025
18  4.1  2.03808
18  4.3  1.68422
18  4.5  1.40945
18  4.7  1.18761
18  4.9  1.00784
18  5.1  0.86051
18  5.3  0.739655
18  5.5  0.63908
18  5.7  0.554636
18  5.9  0.48393
18  6.1  0.423984
18  6.3  0.373086
18  6.5  0.329936
18  6.7  0.292502
18  6.9  0.260225
18  7.1  0.232454
18  7.3  0.208342
18  7.5  0.187077
18  7.7  0.168472
18  7.9  0.152201
18  8.1  0.137854
18  8.3  0.125079
18  8.5  0.113764
18  8.7  0.103671
18  8.9  0.0947969
18  9.1  0.0867352
18  9.3  0.0795483
18  9.5  0.0730262
18  9.7  0.0672826
18  9.9  0.0620653
18  10.1  0.057235
18  10.3  0.0529333
18  10.5  0.0490923
18  10.7  0.0455103
18  10.9  0.0422734
18  11.1  0.039338
18  11.3  0.0366195
18  11.5  0.0341321
18  11.7  0.0318878
18  11.9  0.029784
20  0.1  944.843
20  0.3  621.871
20  0.5  429.174
20  0.7  299.988
20  0.9  210.549
20  1.1  148.204
20  1.3  104.503
20  1.5  73.9909
20  1.7  52.6182
20  1.9  37.6984
20  2.1  27.2375
20  2.3  19.8928
20  2.5  14.6846
20  2.7  10.9619
20  2.9  8.2845
20  3.1  6.32775
20  3.3  4.88715
20  3.5  3.81375
20  3.7  3.00766
20  3.9  2.39328
20  4.1  1.91985
20  4.3  1.58623
20  4.5  1.32746
20  4.7  1.11876
20  4.9  0.94926
20  5.1  0.811664
20  5.3  0.697239
20  5.5  0.602222
20  5.7  0.522929
20  5.9  0.456326
20  6.1  0.400006
20  6.3  0.352095
20  6.5  0.31121
20  6.7  0.276063
20  6.9  0.245505
20  7.1  0.219334
20  7.3  0.196425
20  7.5  0.176429
20  7.7  0.159037
20  7.9  0.143647
20  8.1  0.130079
20  8.3  0.11802
20  8.5  0.107366
20  8.7  0.0978335
20  8.9  0.0894108
20  9.1  0.0818654
20  9.3  0.0750468
20  9.5  0.0689522
20  9.7  0.0634855
20  9.9  0.0585751
20  10.1  0.0540533
20  10.3  0.0500462
20  10.5  0.0462704
20  10.7  0.0429756
20  10.9  0.0399231
20  11.1  0.0370744
20  11.3  0.0345616
20  11.5  0.0322378
20  11.7  0.0301046
20  11.9  0.0281007
22  0.1  898.521
22  0.3  590.424
22  0.5  406.995
22  0.7  283.904
22  0.9  198.866
22  1.1  139.512
22  1.3  98.0975
22  1.5  69.2727
22  1.7  49.1271
22  1.9  35.1322
22  2.1  25.3434
22  2.3  18.4837
22  2.5  13.6299
22  2.7  10.1721
22  2.9  7.68199
22  3.1  5.86728
22  3.3  4.52928
22  3.5  3.53747
22  3.7  2.78693
22  3.9  2.21763
22  4.1  1.77857
22  4.3  1.4707
22  4.5  1.23122
22  4.7  1.03762
22  4.9  0.881741
22  5.1  0.752778
22  5.3  0.646839
22  5.5  0.558912
22  5.7  0.485575
22  5.9  0.423901
22  6.1  0.37148
22  6.3  0.327025
22  6.5  0.288892
22  6.7  0.25603
22  6.9  0.228066
22  7.1  0.203618
22  7.3  0.182451
22  7.5  0.163875
22  7.7  0.147604
22  7.9  0.133306
22  8.1  0.120697
22  8.3  0.109647
22  8.5  0.099765
22  8.7  0.0909194
22  8.9  0.0830241
22  9.1  0.076056
22  9.3  0.0697079
22  9.5  0.0640569
22  9.7  0.0590021
22  9.9  0.0544014
22  10.1  0.0502016
22  10.3  0.0464749
22  10.5  0.0429914
22  10.7  0.0399228
22  10.9  0.0370312
22  11.1  0.0344238
22  11.3  0.0320701
22  11.5  0.029944
22  11.7  0.0279384
22  11.9  0.0261484
24  0.1  839.914
24  0.3  551.6
24  0.5  379.603
24  0.7  264.119
24  0.9  184.324
24  1.1  128.828
24  1.3  90.2675
24  1.5  63.4917
24  1.7  44.9318
24  1.9  32.038
24  2.1  23.0622
24  2.3  16.7978
24  2.5  12.3788
24  2.7  9.23088
24  2.9  6.96499
24  3.1  5.3172
24  3.3  4.10371
24  3.5  3.20387
24  3.7  2.5262
24  3.9  2.00857
24  4.1  1.61215
24  4.3  1.33284
24  4.5  1.11545
24  4.7  0.940556
24  4.9  0.799183
24  5.1  0.682602
24  5.3  0.586905
24  5.5  0.507029
24  5.7  0.440695
24  5.9  0.384388
24  6.1  0.336865
24  6.3  0.296724
24  6.5  0.262274
24  6.7  0.232533
24  6.9  0.207133
24  7.1  0.184796
24  7.3  0.165559
24  7.5  0.148779
24  7.7  0.134088
24  7.9  0.121158
24  8.1  0.109573
24  8.3  0.0995904
24  8.5  0.0905529
24  8.7  0.0825083
24  8.9  0.0754392
24  9.1  0.0690983
24  9.3  0.0633501
24  9.5  0.0581724
24  9.7  0.0535799
24  9.9  0.0494073
24  10.1  0.0455934
24  10.3  0.0422168
24  10.5  0.0390433
24  10.7  0.0362691
24  10.9  0.0336898
24  11.1  0.0312892
24  11.3  0.0291835
24  11.5  0.0272101
24  11.7  0.0253553
24  11.9  0.0237578
26  0.1  767.061
26  0.3  502.714
26  0.5  345.268
26  0.7  239.299
26  0.9  166.418
26  1.1  115.766
26  1.3  80.7231
26  1.5  56.5257
26  1.7  39.8274
26  1.9  28.3096
26  2.1  20.3449
26  2.3  14.7924
26  2.5  10.8755
26  2.7  8.109
26  2.9  6.11577
26  3.1  4.66588
26  3.3  3.60081
26  3.5  2.80978
26  3.7  2.21442
26  3.9  1.76173
26  4.1  1.41274
26  4.3  1.1691
26  4.5  0.978973
26  4.7  0.826538
26  4.9  0.701769
26  5.1  0.599718
26  5.3  0.515544
26  5.5  0.445656
26  5.7  0.387094
26  5.9  0.337803
26  6.1  0.296106
26  6.3  0.260809
26  6.5  0.230681
26  6.7  0.204531
26  6.9  0.182072
26  7.1  0.162525
26  7.3  0.145719
26  7.5  0.13086
26  7.7  0.117865
26  7.9  0.106503
26  8.1  0.0964945
26  8.3  0.0875817
26  8.5  0.0796848
26  8.7  0.0726657
26  8.9  0.0663552
26  9.1  0.0607892
26  9.3  0.0557321
26  9.5  0.0512086
26  9.7  0.047127
26  9.9  0.0434598
26  10.1  0.0401155
26  10.3  0.0371371
26  10.5  0.0343701
26  10.7  0.0319018
26  10.9  0.029638
26  11.1  0.0275342
26  11.3  0.025687
26  11.5  0.0239582
26  11.7  0.0223745
26  11.9  0.0208965
28  0.1  674.55
28  0.3  441.478
28  0.5  302.452
28  0.7  208.701
28  0.9  144.308
28  1.1  99.7639
28  1.3  69.1191
28  1.5  48.1502
28  1.7  33.7481
28  1.9  23.9065
28  2.1  17.126
28  2.3  12.4251
28  2.5  9.12885
28  2.7  6.79529
28  2.9  5.12017
28  3.1  3.90509
28  3.3  3.01039
28  3.5  2.34939
28  3.7  1.85029
28  3.9  1.47177
28  4.1  1.18038
28  4.3  0.976663
28  4.5  0.818646
28  4.7  0.690533
28  4.9  0.586881
28  5.1  0.501376
28  5.3  0.431354
28  5.5  0.37318
28  5.7  0.324265
28  5.9  0.28315
28  6.1  0.24821
28  6.3  0.218571
28  6.5  0.193042
28  6.7  0.17147
28  6.9  0.152551
28  7.1  0.136229
28  7.3  0.12208
28  7.5  0.109722
28  7.7  0.098829
28  7.9  0.0893348
28  8.1  0.0809108
28  8.3  0.0733439
28  8.5  0.0667868
28  8.7  0.0609126
28  8.9  0.0556671
28  9.1  0.0509681
28  9.3  0.0467721
28  9.5  0.0429502
28  9.7  0.0395279
28  9.9  0.0364513
28  10.1  0.0336424
28  10.3  0.0311411
28  10.5  0.0288305
28  10.7  0.026761
28  10.9  0.0248487
28  11.1  0.0231507
28  11.3  0.0215328
28  11.5  0.0201019
28  11.7  0.0187803
28  11.9  0.0175373
30  0.1  561.641
30  0.3  366.886
30  0.5  250.407
30  0.7  171.789
30  0.9  117.934
30  1.1  80.8443
30  1.3  55.601
30  1.5  38.4277
30  1.7  26.8179
30  1.9  18.9005
30  2.1  13.4951
30  2.3  9.76216
30  2.5  7.15334
30  2.7  5.31986
30  2.9  4.00369
30  3.1  3.05091
30  3.3  2.35162
30  3.5  1.83199
30  3.7  1.44357
30  3.9  1.14681
30  4.1  0.920667
30  4.3  0.76226
30  4.5  0.639226
30  4.7  0.539256
30  4.9  0.458475
30  5.1  0.391982
30  5.3  0.337294
30  5.5  0.291763
30  5.7  0.253599
30  5.9  0.221317
30  6.1  0.194069
30  6.3  0.170936
30  6.5  0.151088
30  6.7  0.134205
30  6.9  0.119413
30  7.1  0.10673
30  7.3  0.0955464
30  7.5  0.0859061
30  7.7  0.0773673
30  7.9  0.0698894
30  8.1  0.0633725
30  8.3  0.0574603
30  8.5  0.052329
30  8.7  0.047701
30  8.9  0.0435754
30  9.1  0.039933
30  9.3  0.0366571
30  9.5  0.0336795
30  9.7  0.0309652
30  9.9  0.0285602
30  10.1  0.0263853
30  10.3  0.0244365
30  10.5  0.0225987
30  10.7  0.0209957
30  10.9  0.0194642
30  11.1  0.0181377
30  11.3  0.0168992
30  11.5  0.015765
30  11.7  0.0146936
30  11.9  0.0137505
32  0.1  434.009
32  0.3  282.854
32  0.5  192.114
32  0.7  130.805
32  0.9  88.9547
32  1.1  60.3703
32  1.3  41.1033
32  1.5  28.2088
32  1.7  19.5343
32  1.9  13.6958
32  2.1  9.74474
32  2.3  7.02555
32  2.5  5.13486
32  2.7  3.81158
32  2.9  2.86458
32  3.1  2.17871
32  3.3  1.67686
32  3.5  1.30667
32  3.7  1.02804
32  3.9  0.817921
32  4.1  0.656699
32  4.3  0.543923
32  4.5  0.456014
32  4.7  0.385142
32  4.9  0.327258
32  5.1  0.280021
32  5.3  0.240837
32  5.5  0.208356
32  5.7  0.181126
32  5.9  0.158191
32  6.1  0.138699
32  6.3  0.122303
32  6.5  0.10806
32  6.7  0.0959603
32  6.9  0.0854918
32  7.1  0.0763561
32  7.3  0.0683478
32  7.5  0.0614834
32  7.7  0.0554309
32  7.9  0.0500979
32  8.1  0.0453744
32  8.3  0.0411855
32  8.5  0.0374879
32  8.7  0.0341975
32  8.9  0.0312592
32  9.1  0.028612
32  9.3  0.0262354
32  9.5  0.0241037
32  9.7  0.0222049
32  9.9  0.0204798
32  10.1  0.0188983
32  10.3  0.0174801
32  10.5  0.0162168
32  10.7  0.0150246
32  10.9  0.0139393
32  11.1  0.0129725
32  11.3  0.0120841
32  11.5  0.0112823
32  11.7  0.0105142
32  11.9  0.00984112
34  0.1  307.298
34  0.3  199.618
34  0.5  134.918
34  0.7  91.0455
34  0.9  61.1765
34  1.1  41.0531
34  1.3  27.6942
34  1.5  18.834
34  1.7  12.9422
34  1.9  9.03185
34  2.1  6.3888
34  2.3  4.59325
34  2.5  3.35381
34  2.7  2.48141
34  2.9  1.86594
34  3.1  1.42247
34  3.3  1.08983
34  3.5  0.856254
34  3.7  0.675392
34  3.9  0.5389
34  4.1  0.434215
34  4.3  0.360194
34  4.5  0.302318
34  4.7  0.255282
34  4.9  0.217349
34  5.1  0.185834
34  5.3  0.159918
34  5.5  0.138377
34  5.7  0.120398
34  5.9  0.105107
34  6.1  0.0922301
34  6.3  0.0813915
34  6.5  0.0718713
34  6.7  0.0638002
34  6.9  0.056814
34  7.1  0.0508308
34  7.3  0.0455392
34  7.5  0.0409283
34  7.7  0.036928
34  7.9  0.0332906
34  8.1  0.0301555
34  8.3  0.027374
34  8.5  0.024899
34  8.7  0.0227317
34  8.9  0.020773
34  9.1  0.0190087
34  9.3  0.0174366
34  9.5  0.0160223
34  9.7  0.0147556
34  9.9  0.0136072
34  10.1  0.0125634
34  10.3  0.0116237
34  10.5  0.0107726
34  10.7  0.00999046
34  10.9  0.00926414
34  11.1  0.00862348
34  11.3  0.00803091
34  11.5  0.00749969
34  11.7  0.00700608
34  11.9  0.00654014
