# fragmentation : Kniehl & Kramer, evolved (scale=1*mt0=1.50333)
# target        : AA (sqrt(s_NN) = 5360 GeV)
# channel       : An0n
# flux          : TABLE (input/Starlight_photon_flux/flux_WS_An0n.dat)
#   generated             : 2026-10-04 19:27:56 EEST
#   flux_model            : TABLE
#   calls                 : 2e5 (VEGAS calls per point)
#   dipole file dir       : data/Pb/mve/glauber_mve_<b_d>
#   pD0 loop             : 0.1 0.3 0.5 0.7 0.9 1.1 1.3 1.5 1.7 1.9 2.1 2.3 2.5 2.7 2.9 3.1 3.3 3.5 3.7 3.9 4.1 4.3 4.5 4.7 4.9 5.1 5.3 5.5 5.7 5.9 6.1 6.3 6.5 6.7 6.9 7.1 7.3 7.5 7.7 7.9 8.1 8.3 8.5 8.7 8.9 9.1 9.3 9.5 9.7 9.9 10.1 10.3 10.5 10.7 10.9 11.1 11.3 11.5 11.7 11.9
#   fixed rapidity y      : -1.0
# ============================================================
# b_d  pD0  dsigma_dyd2pD0
0  0.1  2455.95
0  0.3  1599.26
0  0.5  1089.12
0  0.7  751.4
0  0.9  521.331
0  1.1  363.376
0  1.3  254.484
0  1.5  179.215
0  1.7  127.057
0  1.9  90.8534
0  2.1  65.6641
0  2.3  47.8232
0  2.5  35.3124
0  2.7  26.3161
0  2.9  19.8193
0  3.1  15.1147
0  3.3  11.6303
0  3.5  9.04571
0  3.7  7.1055
0  3.9  5.63124
0  4.1  4.50024
0  4.3  3.62217
0  4.5  2.93981
0  4.7  2.40223
0  4.9  1.97665
0  5.1  1.6378
0  5.3  1.36409
0  5.5  1.14165
0  5.7  0.960601
0  5.9  0.812757
0  6.1  0.691157
0  6.3  0.590319
0  6.5  0.506504
0  6.7  0.435684
0  6.9  0.376379
0  7.1  0.326649
0  7.3  0.284128
0  7.5  0.248168
0  7.7  0.21741
0  7.9  0.190933
0  8.1  0.168241
0  8.3  0.148677
0  8.5  0.131607
0  8.7  0.116886
0  8.9  0.103971
0  9.1  0.092759
0  9.3  0.0829885
0  9.5  0.0743403
0  9.7  0.0668047
0  9.9  0.0600898
0  10.1  0.0540875
0  10.3  0.0488162
0  10.5  0.0441471
0  10.7  0.0400233
0  10.9  0.0363051
0  11.1  0.033026
0  11.3  0.0300608
0  11.5  0.0274168
0  11.7  0.0250118
0  11.9  0.0228796
2  0.1  2453.33
2  0.3  1597.49
2  0.5  1087.9
2  0.7  750.529
2  0.9  520.699
2  1.1  362.915
2  1.3  254.143
2  1.5  178.963
2  1.7  126.873
2  1.9  90.7148
2  2.1  65.5618
2  2.3  47.794
2  2.5  35.2543
2  2.7  26.2722
2  2.9  19.7858
2  3.1  15.0891
2  3.3  11.6104
2  3.5  9.03006
2  3.7  7.09306
2  3.9  5.62145
2  4.1  4.49231
2  4.3  3.61581
2  4.5  2.93463
2  4.7  2.39792
2  4.9  1.97316
2  5.1  1.63487
2  5.3  1.36164
2  5.5  1.13963
2  5.7  0.958855
2  5.9  0.811275
2  6.1  0.689912
2  6.3  0.589258
2  6.5  0.505586
2  6.7  0.43488
2  6.9  0.376189
2  7.1  0.32595
2  7.3  0.283777
2  7.5  0.247737
2  7.7  0.216974
2  7.9  0.190594
2  8.1  0.167927
2  8.3  0.148342
2  8.5  0.131355
2  8.7  0.116676
2  8.9  0.103778
2  9.1  0.0925787
2  9.3  0.0828481
2  9.5  0.0742252
2  9.7  0.066673
2  9.9  0.0599131
2  10.1  0.0539861
2  10.3  0.0487375
2  10.5  0.0440621
2  10.7  0.03992
2  10.9  0.0362501
2  11.1  0.03296
2  11.3  0.0300051
2  11.5  0.0273476
2  11.7  0.0249742
2  11.9  0.0228265
4  0.1  2445.45
4  0.3  1592.17
4  0.5  1084.2
4  0.7  747.908
4  0.9  518.767
4  1.1  361.516
4  1.3  253.117
4  1.5  178.203
4  1.7  126.31
4  1.9  90.3005
4  2.1  65.189
4  2.3  47.5629
4  2.5  35.0807
4  2.7  26.1399
4  2.9  19.7046
4  3.1  15.0122
4  3.3  11.5619
4  3.5  8.98188
4  3.7  7.05598
4  3.9  5.59369
4  4.1  4.46848
4  4.3  3.59878
4  4.5  2.91946
4  4.7  2.38607
4  4.9  1.96332
4  5.1  1.62563
4  5.3  1.35395
4  5.5  1.13349
4  5.7  0.953691
4  5.9  0.807917
4  6.1  0.686074
4  6.3  0.586504
4  6.5  0.502487
4  6.7  0.43294
4  6.9  0.373485
4  7.1  0.324301
4  7.3  0.282228
4  7.5  0.246528
4  7.7  0.215898
4  7.9  0.189569
4  8.1  0.167036
4  8.3  0.147502
4  8.5  0.130726
4  8.7  0.116022
4  8.9  0.103207
4  9.1  0.0920592
4  9.3  0.0823767
4  9.5  0.0737992
4  9.7  0.0663042
4  9.9  0.0595777
4  10.1  0.0537106
4  10.3  0.0484651
4  10.5  0.0438279
4  10.7  0.0396933
4  10.9  0.0360279
4  11.1  0.0327735
4  11.3  0.0298327
4  11.5  0.0272126
4  11.7  0.0248336
4  11.9  0.0227064
6  0.1  2431.92
6  0.3  1583.19
6  0.5  1077.99
6  0.7  743.462
6  0.9  515.521
6  1.1  359.162
6  1.3  251.383
6  1.5  176.923
6  1.7  125.366
6  1.9  89.5967
6  2.1  64.7289
6  2.3  47.1251
6  2.5  34.7869
6  2.7  25.918
6  2.9  19.5144
6  3.1  14.879
6  3.3  11.448
6  3.5  8.90297
6  3.7  6.99278
6  3.9  5.54172
6  4.1  4.4281
6  4.3  3.56626
6  4.5  2.89253
6  4.7  2.36338
6  4.9  1.94466
6  5.1  1.61127
6  5.3  1.34188
6  5.5  1.12258
6  5.7  0.944929
6  5.9  0.799476
6  6.1  0.679767
6  6.3  0.580562
6  6.5  0.498228
6  6.7  0.428493
6  6.9  0.370255
6  7.1  0.321096
6  7.3  0.27939
6  7.5  0.244045
6  7.7  0.21374
6  7.9  0.187747
6  8.1  0.165465
6  8.3  0.146198
6  8.5  0.129405
6  8.7  0.114838
6  8.9  0.102309
6  9.1  0.091187
6  9.3  0.0816259
6  9.5  0.0731206
6  9.7  0.0656755
6  9.9  0.0590657
6  10.1  0.0531763
6  10.3  0.0479862
6  10.5  0.0434387
6  10.7  0.0393113
6  10.9  0.0356876
6  11.1  0.0324416
6  11.3  0.0295462
6  11.5  0.0269374
6  11.7  0.0245892
6  11.9  0.0224914
8  0.1  2412.8
8  0.3  1570.44
8  0.5  1069.1
8  0.7  737.103
8  0.9  510.893
8  1.1  355.831
8  1.3  248.911
8  1.5  175.098
8  1.7  124.016
8  1.9  88.5988
8  2.1  63.9252
8  2.3  46.6169
8  2.5  34.3695
8  2.7  25.6035
8  2.9  19.272
8  3.1  14.6942
8  3.3  11.3152
8  3.5  8.79036
8  3.7  6.90387
8  3.9  5.47219
8  4.1  4.37121
8  4.3  3.51814
8  4.5  2.85553
8  4.7  2.3335
8  4.9  1.91919
8  5.1  1.58933
8  5.3  1.32347
8  5.5  1.10798
8  5.7  0.932401
8  5.9  0.788976
8  6.1  0.670753
8  6.3  0.572788
8  6.5  0.491582
8  6.7  0.422713
8  6.9  0.365213
8  7.1  0.316601
8  7.3  0.275848
8  7.5  0.240833
8  7.7  0.210989
8  7.9  0.185237
8  8.1  0.163256
8  8.3  0.1442
8  8.5  0.12768
8  8.7  0.11338
8  8.9  0.100859
8  9.1  0.0900389
8  9.3  0.0805132
8  9.5  0.0721138
8  9.7  0.0647163
8  9.9  0.0582535
8  10.1  0.0524462
8  10.3  0.0473444
8  10.5  0.0428123
8  10.7  0.0388075
8  10.9  0.0351982
8  11.1  0.0320009
8  11.3  0.0291457
8  11.5  0.0265637
8  11.7  0.0242632
8  11.9  0.0221809
10  0.1  2387.71
10  0.3  1553.52
10  0.5  1057.34
10  0.7  728.672
10  0.9  504.833
10  1.1  351.392
10  1.3  245.651
10  1.5  172.692
10  1.7  122.253
10  1.9  87.2863
10  2.1  62.9497
10  2.3  45.8409
10  2.5  33.8216
10  2.7  25.1843
10  2.9  18.9557
10  3.1  14.4501
10  3.3  11.125
10  3.5  8.64206
10  3.7  6.78654
10  3.9  5.37766
10  4.1  4.29632
10  4.3  3.45958
10  4.5  2.8058
10  4.7  2.29228
10  4.9  1.88588
10  5.1  1.56245
10  5.3  1.30091
10  5.5  1.08877
10  5.7  0.916136
10  5.9  0.774971
10  6.1  0.659522
10  6.3  0.562818
10  6.5  0.482798
10  6.7  0.415309
10  6.9  0.35873
10  7.1  0.3113
10  7.3  0.270781
10  7.5  0.2365
10  7.7  0.207134
10  7.9  0.182004
10  8.1  0.160278
10  8.3  0.141579
10  8.5  0.125374
10  8.7  0.111364
10  8.9  0.099115
10  9.1  0.0883336
10  9.3  0.0790543
10  9.5  0.0708059
10  9.7  0.0636121
10  9.9  0.0572166
10  10.1  0.0515038
10  10.3  0.0464879
10  10.5  0.0420767
10  10.7  0.0380961
10  10.9  0.0345748
10  11.1  0.0314276
10  11.3  0.0286129
10  11.5  0.0260975
10  11.7  0.0238229
10  11.9  0.0217796
12  0.1  2355.36
12  0.3  1532.11
12  0.5  1042.41
12  0.7  717.977
12  0.9  497.168
12  1.1  345.774
12  1.3  241.536
12  1.5  169.658
12  1.7  120.017
12  1.9  85.6331
12  2.1  61.7777
12  2.3  44.9684
12  2.5  33.1328
12  2.7  24.637
12  2.9  18.5578
12  3.1  14.1444
12  3.3  10.8773
12  3.5  8.4564
12  3.7  6.63961
12  3.9  5.26206
12  4.1  4.20261
12  4.3  3.38187
12  4.5  2.74404
12  4.7  2.24141
12  4.9  1.84402
12  5.1  1.52776
12  5.3  1.27193
12  5.5  1.06457
12  5.7  0.896404
12  5.9  0.757746
12  6.1  0.644089
12  6.3  0.549806
12  6.5  0.471998
12  6.7  0.405967
12  6.9  0.350613
12  7.1  0.303955
12  7.3  0.264629
12  7.5  0.231129
12  7.7  0.202402
12  7.9  0.177856
12  8.1  0.156595
12  8.3  0.138413
12  8.5  0.122593
12  8.7  0.108727
12  8.9  0.0967415
12  9.1  0.0863118
12  9.3  0.0772613
12  9.5  0.0692399
12  9.7  0.0621617
12  9.9  0.0558885
12  10.1  0.0503305
12  10.3  0.0454123
12  10.5  0.0410673
12  10.7  0.0372165
12  10.9  0.0337563
12  11.1  0.0307034
12  11.3  0.0279502
12  11.5  0.0254717
12  11.7  0.0232656
12  11.9  0.021272
14  0.1  2314.36
14  0.3  1505.63
14  0.5  1023.9
14  0.7  704.795
14  0.9  487.627
14  1.1  338.848
14  1.3  236.494
14  1.5  165.923
14  1.7  117.267
14  1.9  83.6183
14  2.1  60.2684
14  2.3  43.8018
14  2.5  32.2896
14  2.7  24.0049
14  2.9  18.0947
14  3.1  13.7722
14  3.3  10.5874
14  3.5  8.22944
14  3.7  6.46031
14  3.9  5.1189
14  4.1  4.08791
14  4.3  3.28882
14  4.5  2.66861
14  4.7  2.17949
14  4.9  1.79313
14  5.1  1.48489
14  5.3  1.23655
14  5.5  1.03443
14  5.7  0.870535
14  5.9  0.737265
14  6.1  0.626004
14  6.3  0.53452
14  6.5  0.458672
14  6.7  0.394415
14  6.9  0.340766
14  7.1  0.295444
14  7.3  0.2571
14  7.5  0.224581
14  7.7  0.196761
14  7.9  0.172716
14  8.1  0.152168
14  8.3  0.134398
14  8.5  0.11909
14  8.7  0.105631
14  8.9  0.0939954
14  9.1  0.083909
14  9.3  0.0749763
14  9.5  0.0672455
14  9.7  0.0603523
14  9.9  0.0542321
14  10.1  0.0488807
14  10.3  0.0441492
14  10.5  0.0398998
14  10.7  0.0361307
14  10.9  0.0327986
14  11.1  0.0298099
14  11.3  0.0271544
14  11.5  0.0247475
14  11.7  0.0225821
14  11.9  0.0206558
16  0.1  2265.9
16  0.3  1473.24
16  0.5  1001.31
16  0.7  688.72
16  0.9  476.041
16  1.1  330.374
16  1.3  230.321
16  1.5  161.381
16  1.7  113.924
16  1.9  81.1433
16  2.1  58.3892
16  2.3  42.4865
16  2.5  31.2713
16  2.7  23.2341
16  2.9  17.506
16  3.1  13.322
16  3.3  10.2394
16  3.5  7.96264
16  3.7  6.24459
16  3.9  4.94764
16  4.1  3.94988
16  4.3  3.17782
16  4.5  2.57815
16  4.7  2.1064
16  4.9  1.73171
16  5.1  1.4338
16  5.3  1.1941
16  5.5  0.998722
16  5.7  0.840578
16  5.9  0.711813
16  6.1  0.604944
16  6.3  0.516377
16  6.5  0.442682
16  6.7  0.38105
16  6.9  0.328791
16  7.1  0.28495
16  7.3  0.248046
16  7.5  0.216789
16  7.7  0.189772
16  7.9  0.16672
16  8.1  0.146762
16  8.3  0.129646
16  8.5  0.114802
16  8.7  0.101867
16  8.9  0.0907405
16  9.1  0.0808632
16  9.3  0.0723495
16  9.5  0.0648586
16  9.7  0.0582209
16  9.9  0.0523289
16  10.1  0.0471676
16  10.3  0.0425259
16  10.5  0.0384753
16  10.7  0.0348446
16  10.9  0.0316326
16  11.1  0.0287522
16  11.3  0.0261836
16  11.5  0.0238499
16  11.7  0.0217855
16  11.9  0.0199153
18  0.1  2205.6
18  0.3  1433.62
18  0.5  973.801
18  0.7  669.198
18  0.9  461.93
18  1.1  320.106
18  1.3  222.835
18  1.5  155.896
18  1.7  109.902
18  1.9  78.1865
18  2.1  56.2016
18  2.3  40.8577
18  2.5  30.0231
18  2.7  22.3149
18  2.9  16.8066
18  3.1  12.7826
18  3.3  9.82204
18  3.5  7.62876
18  3.7  5.98637
18  3.9  4.74205
18  4.1  3.78276
18  4.3  3.04467
18  4.5  2.46971
18  4.7  2.01672
18  4.9  1.65858
18  5.1  1.37294
18  5.3  1.14284
18  5.5  0.956605
18  5.7  0.805205
18  5.9  0.680644
18  6.1  0.578398
18  6.3  0.494231
18  6.5  0.423518
18  6.7  0.364626
18  6.9  0.314555
18  7.1  0.27292
18  7.3  0.237362
18  7.5  0.207268
18  7.7  0.181535
18  7.9  0.159494
18  8.1  0.140353
18  8.3  0.123976
18  8.5  0.109854
18  8.7  0.0974124
18  8.9  0.0866902
18  9.1  0.0773254
18  9.3  0.0691538
18  9.5  0.062016
18  9.7  0.0556631
18  9.9  0.0500077
18  10.1  0.0450679
18  10.3  0.0406623
18  10.5  0.0367568
18  10.7  0.0333085
18  10.9  0.0302234
18  11.1  0.0274748
18  11.3  0.0250123
18  11.5  0.0228045
18  11.7  0.0208097
18  11.9  0.0190231
20  0.1  2132.52
20  0.3  1384.19
20  0.5  940.927
20  0.7  645.354
20  0.9  444.751
20  1.1  307.638
20  1.3  213.743
20  1.5  149.267
20  1.7  105.05
20  1.9  74.628
20  2.1  53.5731
20  2.3  38.9046
20  2.5  28.5614
20  2.7  21.235
20  2.9  15.965
20  3.1  12.1393
20  3.3  9.32301
20  3.5  7.24462
20  3.7  5.67886
20  3.9  4.49334
20  4.1  3.58916
20  4.3  2.88779
20  4.5  2.34141
20  4.7  1.91145
20  4.9  1.57171
20  5.1  1.3011
20  5.3  1.08276
20  5.5  0.905618
20  5.7  0.761871
20  5.9  0.644104
20  6.1  0.54798
20  6.3  0.467716
20  6.5  0.400919
20  6.7  0.344733
20  6.9  0.297792
20  7.1  0.257923
20  7.3  0.224719
20  7.5  0.196166
20  7.7  0.171765
20  7.9  0.150823
20  8.1  0.132891
20  8.3  0.117306
20  8.5  0.103899
20  8.7  0.0921385
20  8.9  0.0820293
20  9.1  0.073104
20  9.3  0.0654082
20  9.5  0.0586247
20  9.7  0.0526338
20  9.9  0.0473089
20  10.1  0.0426195
20  10.3  0.0384172
20  10.5  0.0347963
20  10.7  0.031511
20  10.9  0.0285764
20  11.1  0.0259589
20  11.3  0.0236384
20  11.5  0.0215401
20  11.7  0.0196573
20  11.9  0.0179817
22  0.1  2041.97
22  0.3  1325.25
22  0.5  899.454
22  0.7  616.381
22  0.9  424.068
22  1.1  292.709
22  1.3  202.965
22  1.5  141.478
22  1.7  99.5717
22  1.9  70.6737
22  2.1  50.7531
22  2.3  36.8786
22  2.5  27.1719
22  2.7  20.2582
22  2.9  15.2934
22  3.1  11.7102
22  3.3  9.0736
22  3.5  7.11655
22  3.7  5.65103
22  3.9  4.41619
22  4.1  3.47217
22  4.3  2.74767
22  4.5  2.19047
22  4.7  1.7841
22  4.9  1.46673
22  5.1  1.21385
22  5.3  1.01036
22  5.5  0.845129
22  5.7  0.71081
22  5.9  0.601098
22  6.1  0.510468
22  6.3  0.435723
22  6.5  0.373773
22  6.7  0.321673
22  6.9  0.277752
22  7.1  0.240581
22  7.3  0.209256
22  7.5  0.182715
22  7.7  0.160029
22  7.9  0.140476
22  8.1  0.123737
22  8.3  0.109221
22  8.5  0.0966788
22  8.7  0.0857744
22  8.9  0.0763281
22  9.1  0.0680612
22  9.3  0.0608537
22  9.5  0.0545741
22  9.7  0.0489853
22  9.9  0.0440455
22  10.1  0.039668
22  10.3  0.0357876
22  10.5  0.032332
22  10.7  0.0292879
22  10.9  0.0265771
22  11.1  0.0241661
22  11.3  0.0219933
22  11.5  0.0200393
22  11.7  0.0182944
22  11.9  0.0167253
24  0.1  1927.32
24  0.3  1249.44
24  0.5  847.207
24  0.7  579.441
24  0.9  397.4
24  1.1  273.417
24  1.3  188.962
24  1.5  131.345
24  1.7  91.945
24  1.9  65.0415
24  2.1  46.533
24  2.3  33.661
24  2.5  24.6986
24  2.7  18.293
24  2.9  13.7295
24  3.1  10.4341
24  3.3  8.00375
24  3.5  6.21367
24  3.7  4.86084
24  3.9  3.85034
24  4.1  3.07072
24  4.3  2.46758
24  4.5  1.99987
24  4.7  1.63254
24  4.9  1.34131
24  5.1  1.10952
24  5.3  0.92344
24  5.5  0.772372
24  5.7  0.649769
24  5.9  0.548979
24  6.1  0.466662
24  6.3  0.398218
24  6.5  0.341348
24  6.7  0.293577
24  6.9  0.25348
24  7.1  0.21953
24  7.3  0.190853
24  7.5  0.16667
24  7.7  0.145968
24  7.9  0.128131
24  8.1  0.112747
24  8.3  0.099636
24  8.5  0.0881328
24  8.7  0.0781924
24  8.9  0.0695421
24  9.1  0.0620286
24  9.3  0.0555056
24  9.5  0.049727
24  9.7  0.0445982
24  9.9  0.0400823
24  10.1  0.0361159
24  10.3  0.0325948
24  10.5  0.0294543
24  10.7  0.0266627
24  10.9  0.0242051
24  11.1  0.0219943
24  11.3  0.020019
24  11.5  0.0182467
24  11.7  0.0166538
24  11.9  0.0152243
26  0.1  1782.77
26  0.3  1154.74
26  0.5  781.027
26  0.7  532.908
26  0.9  364.444
26  1.1  249.805
26  1.3  171.966
26  1.5  119.067
26  1.7  83.0522
26  1.9  58.6252
26  2.1  41.862
26  2.3  30.1842
26  2.5  22.1104
26  2.7  16.3502
26  2.9  12.2721
26  3.1  9.30697
26  3.3  7.13974
26  3.5  5.53319
26  3.7  4.33013
26  3.9  3.42446
26  4.1  2.72892
26  4.3  2.19334
26  4.5  1.77574
26  4.7  1.44843
26  4.9  1.19006
26  5.1  0.984516
26  5.3  0.818281
26  5.5  0.684588
26  5.7  0.575368
26  5.9  0.486642
26  6.1  0.413324
26  6.3  0.352371
26  6.5  0.302104
26  6.7  0.259759
26  6.9  0.224233
26  7.1  0.193998
26  7.3  0.1689
26  7.5  0.147421
26  7.7  0.129034
26  7.9  0.113219
26  8.1  0.0996247
26  8.3  0.0879682
26  8.5  0.0778669
26  8.7  0.0690863
26  8.9  0.0614672
26  9.1  0.0548201
26  9.3  0.0490008
26  9.5  0.0439014
26  9.7  0.0393537
26  9.9  0.0354061
26  10.1  0.0318745
26  10.3  0.0287641
26  10.5  0.0259805
26  10.7  0.0235236
26  10.9  0.0213541
26  11.1  0.0194017
26  11.3  0.0176526
26  11.5  0.0160903
26  11.7  0.0146744
26  11.9  0.0134105
28  0.1  1597.6
28  0.3  1032.86
28  0.5  698.016
28  0.7  474.31
28  0.9  322.915
28  1.1  220.216
28  1.3  150.782
28  1.5  103.818
28  1.7  72.1741
28  1.9  50.72
28  2.1  36.1162
28  2.3  26.006
28  2.5  18.97
28  2.7  14.0145
28  2.9  10.5019
28  3.1  7.953
28  3.3  6.0953
28  3.5  4.71876
28  3.7  3.68925
28  3.9  2.91488
28  4.1  2.32156
28  4.3  1.86353
28  4.5  1.50857
28  4.7  1.23033
28  4.9  1.00985
28  5.1  0.835287
28  5.3  0.694201
28  5.5  0.579914
28  5.7  0.487276
28  5.9  0.411584
28  6.1  0.349888
28  6.3  0.298036
28  6.5  0.255575
28  6.7  0.219446
28  6.9  0.189584
28  7.1  0.163966
28  7.3  0.142707
28  7.5  0.124455
28  7.7  0.108925
28  7.9  0.0956148
28  8.1  0.084152
28  8.3  0.0742352
28  8.5  0.0657271
28  8.7  0.0582877
28  8.9  0.0518197
28  9.1  0.0462077
28  9.3  0.0413107
28  9.5  0.0369935
28  9.7  0.0331824
28  9.9  0.0298166
28  10.1  0.0268273
28  10.3  0.024216
28  10.5  0.0218878
28  10.7  0.0197946
28  10.9  0.0179737
28  11.1  0.0163286
28  11.3  0.0148585
28  11.5  0.0135389
28  11.7  0.0123604
28  11.9  0.0112881
30  0.1  1366.49
30  0.3  882.104
30  0.5  594.335
30  0.7  402.234
30  0.9  272.06
30  1.1  184.266
30  1.3  125.323
30  1.5  85.765
30  1.7  59.2992
30  1.9  41.4653
30  2.1  29.4038
30  2.3  21.0987
30  2.5  15.3449
30  2.7  11.3217
30  2.9  8.4567
30  3.1  6.38796
30  3.3  4.88668
30  3.5  3.78154
30  3.7  2.95247
30  3.9  2.33077
30  4.1  1.85418
30  4.3  1.48814
30  4.5  1.20238
30  4.7  0.979936
30  4.9  0.803898
30  5.1  0.664332
30  5.3  0.551885
30  5.5  0.460485
30  5.7  0.386704
30  5.9  0.327072
30  6.1  0.277451
30  6.3  0.236331
30  6.5  0.202267
30  6.7  0.173788
30  6.9  0.149924
30  7.1  0.12978
30  7.3  0.112833
30  7.5  0.0983694
30  7.7  0.0861517
30  7.9  0.0755516
30  8.1  0.0664469
30  8.3  0.0585925
30  8.5  0.0518597
30  8.7  0.045956
30  8.9  0.0408645
30  9.1  0.0364589
30  9.3  0.0325584
30  9.5  0.029126
30  9.7  0.0261564
30  9.9  0.0234809
30  10.1  0.0211383
30  10.3  0.019053
30  10.5  0.017226
30  10.7  0.0155896
30  10.9  0.0141307
30  11.1  0.0128383
30  11.3  0.0116824
30  11.5  0.0106536
30  11.7  0.00970926
30  11.9  0.00886262
32  0.1  1097.04
32  0.3  706.568
32  0.5  474.455
32  0.7  318.902
32  0.9  214.091
32  1.1  143.843
32  1.3  96.956
32  1.5  65.8227
32  1.7  45.2409
32  1.9  31.443
32  2.1  22.1459
32  2.3  15.815
32  2.5  11.471
32  2.7  8.43368
32  2.9  6.27999
32  3.1  4.74106
32  3.3  3.61987
32  3.5  2.7934
32  3.7  2.17518
32  3.9  1.71353
32  4.1  1.3626
32  4.3  1.09264
32  4.5  0.882082
32  4.7  0.716534
32  4.9  0.587877
32  5.1  0.485577
32  5.3  0.40298
32  5.5  0.336179
32  5.7  0.28202
32  5.9  0.237966
32  6.1  0.201823
32  6.3  0.171848
32  6.5  0.147142
32  6.7  0.126307
32  6.9  0.108721
32  7.1  0.0940491
32  7.3  0.0818336
32  7.5  0.0713519
32  7.7  0.0622449
32  7.9  0.0546594
32  8.1  0.0480492
32  8.3  0.0424051
32  8.5  0.0374808
32  8.7  0.0332193
32  8.9  0.0295062
32  9.1  0.0262801
32  9.3  0.0234923
32  9.5  0.0210563
32  9.7  0.0188553
32  9.9  0.0169445
32  10.1  0.0152603
32  10.3  0.0137527
32  10.5  0.0124221
32  10.7  0.0112331
32  10.9  0.0101982
32  11.1  0.00926592
32  11.3  0.00842291
32  11.5  0.00766521
32  11.7  0.00700374
32  11.9  0.00639298
