# fragmentation : LHAPDF (data/prompt-D0-1-109/prompt-D0-1-109_0087.dat, member 0, Q=1.5)
# channel       : An0n
#   dipole file dir       : data/Pb/mve/glauber_mve_<b>
#   pD0 loop             : 0.1 to 12.0 GeV, step 0.2
#   fixed rapidity y      : 3.0
# ============================================================
# b  pD0  dsigma_dyd2pD0
0  0.1  98.8809
0  0.3  73.8174
0  0.5  52.1789
0  0.7  34.9219
0  0.9  22.7021
0  1.1  14.5865
0  1.3  9.35482
0  1.5  6.01236
0  1.7  3.88465
0  1.9  2.52853
0  2.1  1.65963
0  2.3  1.09918
0  2.5  0.734511
0  2.7  0.495253
0  2.9  0.33706
0  3.1  0.231489
0  3.3  0.160355
0  3.5  0.111988
0  3.7  0.0788013
0  3.9  0.0558842
0  4.1  0.0399345
0  4.3  0.028714
0  4.5  0.0207835
0  4.7  0.0151326
0  4.9  0.0110889
0  5.1  0.00816909
0  5.3  0.00605265
0  5.5  0.00450631
0  5.7  0.00337041
0  5.9  0.0025326
0  6.1  0.00191197
0  6.3  0.00144909
0  6.5  0.00110273
0  6.7  0.000842645
0  6.9  0.000645868
0  7.1  0.000496847
0  7.3  0.000383529
0  7.5  0.00029703
0  7.7  0.000230853
0  7.9  0.000179766
0  8.1  0.000140536
0  8.3  0.000110003
0  8.5  8.63884e-05
0  8.7  6.80365e-05
0  8.9  5.37166e-05
0  9.1  4.25044e-05
0  9.3  3.37096e-05
0  9.5  2.67962e-05
0  9.7  2.13473e-05
0  9.9  1.70323e-05
0  10.1  1.36177e-05
0  10.3  1.09109e-05
0  10.5  8.75453e-06
0  10.7  7.03924e-06
0  10.9  5.67127e-06
0  11.1  4.57434e-06
0  11.3  3.69751e-06
0  11.5  2.99277e-06
0  11.7  2.42535e-06
0  11.9  1.96931e-06
2  0.1  98.8101
2  0.3  73.7642
2  0.5  52.1409
2  0.7  34.8959
2  0.9  22.6847
2  1.1  14.5748
2  1.3  9.34693
2  1.5  6.00703
2  1.7  3.88103
2  1.9  2.52607
2  2.1  1.65796
2  2.3  1.09803
2  2.5  0.733715
2  2.7  0.494702
2  2.9  0.336675
2  3.1  0.231217
2  3.3  0.160162
2  3.5  0.111851
2  3.7  0.0787026
2  3.9  0.0558138
2  4.1  0.0398836
2  4.3  0.0286769
2  4.5  0.0207563
2  4.7  0.0151126
2  4.9  0.0110741
2  5.1  0.00815812
2  5.3  0.00604441
2  5.5  0.00450015
2  5.7  0.00336577
2  5.9  0.00252906
2  6.1  0.00190929
2  6.3  0.00144704
2  6.5  0.00110115
2  6.7  0.000841437
2  6.9  0.000644935
2  7.1  0.000496124
2  7.3  0.000382971
2  7.5  0.000296597
2  7.7  0.000230514
2  7.9  0.000179502
2  8.1  0.000140328
2  8.3  0.000109839
2  8.5  8.62597e-05
2  8.7  6.79348e-05
2  8.9  5.36358e-05
2  9.1  4.24403e-05
2  9.3  3.36586e-05
2  9.5  2.67556e-05
2  9.7  2.13148e-05
2  9.9  1.70063e-05
2  10.1  1.35968e-05
2  10.3  1.08941e-05
2  10.5  8.74101e-06
2  10.7  7.02826e-06
2  10.9  5.66245e-06
2  11.1  4.56722e-06
2  11.3  3.69172e-06
2  11.5  2.98807e-06
2  11.7  2.42154e-06
2  11.9  1.96621e-06
4  0.1  98.5961
4  0.3  73.6029
4  0.5  52.0256
4  0.7  34.8172
4  0.9  22.6317
4  1.1  14.5394
4  1.3  9.32311
4  1.5  5.99087
4  1.7  3.87014
4  1.9  2.51861
4  2.1  1.65285
4  2.3  1.09454
4  2.5  0.731233
4  2.7  0.493035
4  2.9  0.335516
4  3.1  0.230397
4  3.3  0.159586
4  3.5  0.111449
4  3.7  0.0784105
4  3.9  0.0556011
4  4.1  0.039729
4  4.3  0.0285643
4  4.5  0.0206747
4  4.7  0.0150522
4  4.9  0.0110294
4  5.1  0.00812585
4  5.3  0.00601855
4  5.5  0.0044817
4  5.7  0.00335144
4  5.9  0.00251893
4  6.1  0.00190138
4  6.3  0.00144117
4  6.5  0.0010967
4  6.7  0.000837542
4  6.9  0.000642195
4  7.1  0.000494017
4  7.3  0.000381384
4  7.5  0.000295209
4  7.7  0.000229357
4  7.9  0.000178686
4  8.1  0.000139608
4  8.3  0.000109363
4  8.5  8.59662e-05
4  8.7  6.76864e-05
4  8.9  5.34262e-05
4  9.1  4.2263e-05
4  9.3  3.35123e-05
4  9.5  2.66376e-05
4  9.7  2.12115e-05
4  9.9  1.69273e-05
4  10.1  1.35357e-05
4  10.3  1.08425e-05
4  10.5  8.70134e-06
4  10.7  6.99524e-06
4  10.9  5.63526e-06
4  11.1  4.54699e-06
4  11.3  3.67406e-06
4  11.5  2.9744e-06
4  11.7  2.41043e-06
4  11.9  1.95654e-06
6  0.1  98.2348
6  0.3  73.3322
6  0.5  51.8319
6  0.7  34.6849
6  0.9  22.5428
6  1.1  14.4798
6  1.3  9.28287
6  1.5  5.9637
6  1.7  3.85177
6  1.9  2.50612
6  2.1  1.64433
6  2.3  1.08866
6  2.5  0.727195
6  2.7  0.490215
6  2.9  0.333546
6  3.1  0.229017
6  3.3  0.15861
6  3.5  0.110762
6  3.7  0.0779116
6  3.9  0.0552448
6  4.1  0.0394726
6  4.3  0.0283773
6  4.5  0.0205371
6  4.7  0.0149507
6  4.9  0.0109543
6  5.1  0.00806963
6  5.3  0.00597801
6  5.5  0.00445027
6  5.7  0.00332836
6  5.9  0.00250078
6  6.1  0.00188776
6  6.3  0.00143062
6  6.5  0.00108857
6  6.7  0.000831804
6  6.9  0.000637504
6  7.1  0.000490394
6  7.3  0.000378523
6  7.5  0.000293134
6  7.7  0.00022781
6  7.9  0.000177411
6  8.1  0.000138676
6  8.3  0.000108541
6  8.5  8.52358e-05
6  8.7  6.71257e-05
6  8.9  5.29878e-05
6  9.1  4.19325e-05
6  9.3  3.32553e-05
6  9.5  2.64331e-05
6  9.7  2.10574e-05
6  9.9  1.68008e-05
6  10.1  1.34315e-05
6  10.3  1.0764e-05
6  10.5  8.6347e-06
6  10.7  6.94265e-06
6  10.9  5.59164e-06
6  11.1  4.51166e-06
6  11.3  3.64662e-06
6  11.5  2.95108e-06
6  11.7  2.39288e-06
6  11.9  1.94193e-06
8  0.1  97.7162
8  0.3  72.9434
8  0.5  51.5536
8  0.7  34.4947
8  0.9  22.4151
8  1.1  14.3943
8  1.3  9.22521
8  1.5  5.92471
8  1.7  3.82513
8  1.9  2.48846
8  2.1  1.63214
8  2.3  1.08025
8  2.5  0.721407
8  2.7  0.486188
8  2.9  0.330734
8  3.1  0.227042
8  3.3  0.157215
8  3.5  0.109766
8  3.7  0.077204
8  3.9  0.0547357
8  4.1  0.0391039
8  4.3  0.0281087
8  4.5  0.0203406
8  4.7  0.0148061
8  4.9  0.0108475
8  5.1  0.00799092
8  5.3  0.00591886
8  5.5  0.00440584
8  5.7  0.00329488
8  5.9  0.00247542
8  6.1  0.00186856
8  6.3  0.00141598
8  6.5  0.00107737
8  6.7  0.000823022
8  6.9  0.000630891
8  7.1  0.000485276
8  7.3  0.000374562
8  7.5  0.000290053
8  7.7  0.000225413
8  7.9  0.000175514
8  8.1  0.0001372
8  8.3  0.000107381
8  8.5  8.43222e-05
8  8.7  6.64045e-05
8  8.9  5.24199e-05
8  9.1  4.14784e-05
8  9.3  3.2894e-05
8  9.5  2.61465e-05
8  9.7  2.08284e-05
8  9.9  1.66174e-05
8  10.1  1.3285e-05
8  10.3  1.06438e-05
8  10.5  8.53961e-06
8  10.7  6.86665e-06
8  10.9  5.53123e-06
8  11.1  4.46135e-06
8  11.3  3.60594e-06
8  11.5  2.91863e-06
8  11.7  2.36509e-06
8  11.9  1.92033e-06
10  0.1  97.0276
10  0.3  72.4263
10  0.5  51.184
10  0.7  34.2419
10  0.9  22.2454
10  1.1  14.2807
10  1.3  9.14878
10  1.5  5.87311
10  1.7  3.79046
10  1.9  2.46462
10  2.1  1.61585
10  2.3  1.06913
10  2.5  0.713706
10  2.7  0.480869
10  2.9  0.327025
10  3.1  0.224434
10  3.3  0.155369
10  3.5  0.10845
10  3.7  0.0762725
10  3.9  0.0540625
10  4.1  0.038615
10  4.3  0.0277534
10  4.5  0.0200816
10  4.7  0.0146158
10  4.9  0.010707
10  5.1  0.00788654
10  5.3  0.00583966
10  5.5  0.00434755
10  5.7  0.00325051
10  5.9  0.00244253
10  6.1  0.00184328
10  6.3  0.00139694
10  6.5  0.00106288
10  6.7  0.000811563
10  6.9  0.000622202
10  7.1  0.000478563
10  7.3  0.000369396
10  7.5  0.000285897
10  7.7  0.000222101
10  7.9  0.000173014
10  8.1  0.00013525
10  8.3  0.000105862
10  8.5  8.32075e-05
10  8.7  6.55062e-05
10  8.9  5.16738e-05
10  9.1  4.08939e-05
10  9.3  3.24232e-05
10  9.5  2.57682e-05
10  9.7  2.05235e-05
10  9.9  1.63751e-05
10  10.1  1.30907e-05
10  10.3  1.04872e-05
10  10.5  8.41447e-06
10  10.7  6.76612e-06
10  10.9  5.44832e-06
10  11.1  4.39627e-06
10  11.3  3.55282e-06
10  11.5  2.87515e-06
10  11.7  2.33053e-06
10  11.9  1.89351e-06
12  0.1  96.1513
12  0.3  71.7693
12  0.5  50.7134
12  0.7  33.9205
12  0.9  22.03
12  1.1  14.1364
12  1.3  9.0516
12  1.5  5.80754
12  1.7  3.74617
12  1.9  2.43462
12  2.1  1.59543
12  2.3  1.05505
12  2.5  0.704014
12  2.7  0.474123
12  2.9  0.322321
12  3.1  0.221141
12  3.3  0.153052
12  3.5  0.106799
12  3.7  0.0750918
12  3.9  0.0532128
12  4.1  0.0380037
12  4.3  0.0273074
12  4.5  0.019755
12  4.7  0.0143758
12  4.9  0.0105294
12  5.1  0.00775488
12  5.3  0.00574147
12  5.5  0.00427362
12  5.7  0.00319476
12  5.9  0.0024002
12  6.1  0.00181135
12  6.3  0.0013724
12  6.5  0.00104424
12  6.7  0.000797379
12  6.9  0.000611172
12  7.1  0.000470041
12  7.3  0.000362741
12  7.5  0.000280874
12  7.7  0.000218253
12  7.9  0.000169924
12  8.1  0.000132811
12  8.3  0.000103935
12  8.5  8.16064e-05
12  8.7  6.42595e-05
12  8.9  5.07543e-05
12  9.1  4.013e-05
12  9.3  3.1822e-05
12  9.5  2.52922e-05
12  9.7  2.01465e-05
12  9.9  1.60719e-05
12  10.1  1.28479e-05
12  10.3  1.02933e-05
12  10.5  8.25736e-06
12  10.7  6.6392e-06
12  10.9  5.34779e-06
12  11.1  4.31307e-06
12  11.3  3.486e-06
12  11.5  2.82126e-06
12  11.7  2.286e-06
12  11.9  1.85599e-06
14  0.1  95.0579
14  0.3  70.9492
14  0.5  50.1271
14  0.7  33.5197
14  0.9  21.7612
14  1.1  13.9564
14  1.3  8.93059
14  1.5  5.726
14  1.7  3.69128
14  1.9  2.39719
14  2.1  1.56999
14  2.3  1.03763
14  2.5  0.692041
14  2.7  0.4658
14  2.9  0.316518
14  3.1  0.217075
14  3.3  0.150186
14  3.5  0.104762
14  3.7  0.0736357
14  3.9  0.0521682
14  4.1  0.0372456
14  4.3  0.0267568
14  4.5  0.0193524
14  4.7  0.0140801
14  4.9  0.0103107
14  5.1  0.00759244
14  5.3  0.00562019
14  5.5  0.00418265
14  5.7  0.00312643
14  5.9  0.00234852
14  6.1  0.00177208
14  6.3  0.00134249
14  6.5  0.00102147
14  6.7  0.000779825
14  6.9  0.000597681
14  7.1  0.000459617
14  7.3  0.000354661
14  7.5  0.000274599
14  7.7  0.000213355
14  7.9  0.000166103
14  8.1  0.000129806
14  8.3  0.000101576
14  8.5  7.97475e-05
14  8.7  6.27912e-05
14  8.9  4.95913e-05
14  9.1  3.92082e-05
14  9.3  3.10889e-05
14  9.5  2.47082e-05
14  9.7  1.96807e-05
14  9.9  1.56991e-05
14  10.1  1.25491e-05
14  10.3  1.00535e-05
14  10.5  8.06456e-06
14  10.7  6.4838e-06
14  10.9  5.2223e-06
14  11.1  4.21169e-06
14  11.3  3.40379e-06
14  11.5  2.75469e-06
14  11.7  2.23191e-06
14  11.9  1.81202e-06
16  0.1  93.7098
16  0.3  69.9378
16  0.5  49.4035
16  0.7  33.0263
16  0.9  21.4302
16  1.1  13.7346
16  1.3  8.78168
16  1.5  5.6258
16  1.7  3.62352
16  1.9  2.35131
16  2.1  1.53885
16  2.3  1.01629
16  2.5  0.677369
16  2.7  0.455612
16  2.9  0.309435
16  3.1  0.212107
16  3.3  0.146689
16  3.5  0.10228
16  3.7  0.0718629
16  3.9  0.0508966
16  4.1  0.0363249
16  4.3  0.0260878
16  4.5  0.0188635
16  4.7  0.0137211
16  4.9  0.0100455
16  5.1  0.00739536
16  5.3  0.00547316
16  5.5  0.00407244
16  5.7  0.00304351
16  5.9  0.00228586
16  6.1  0.00172448
16  6.3  0.00130624
16  6.5  0.000993723
16  6.7  0.000758553
16  6.9  0.000581322
16  7.1  0.000446985
16  7.3  0.000344862
16  7.5  0.000267002
16  7.7  0.00020742
16  7.9  0.00016146
16  8.1  0.000126174
16  8.3  9.87259e-05
16  8.5  7.75026e-05
16  8.7  6.1018e-05
16  8.9  4.81897e-05
16  9.1  3.80946e-05
16  9.3  3.02037e-05
16  9.5  2.40026e-05
16  9.7  1.91176e-05
16  9.9  1.52486e-05
16  10.1  1.21881e-05
16  10.3  9.76056e-06
16  10.5  7.83159e-06
16  10.7  6.29593e-06
16  10.9  5.07073e-06
16  11.1  4.08914e-06
16  11.3  3.30464e-06
16  11.5  2.6737e-06
16  11.7  2.16652e-06
16  11.9  1.75885e-06
18  0.1  92.0496
18  0.3  68.693
18  0.5  48.514
18  0.7  32.4192
18  0.9  21.0231
18  1.1  13.4625
18  1.3  8.60093
18  1.5  5.50353
18  1.7  3.54077
18  1.9  2.29538
18  2.1  1.50076
18  2.3  0.990295
18  2.5  0.659511
18  2.7  0.443404
18  2.9  0.300838
18  3.1  0.20609
18  3.3  0.142447
18  3.5  0.0992706
18  3.7  0.0697203
18  3.9  0.0493586
18  4.1  0.0352103
18  4.3  0.025279
18  4.5  0.0182726
18  4.7  0.0132873
18  4.9  0.00972502
18  5.1  0.00715733
18  5.3  0.00529565
18  5.5  0.00393949
18  5.7  0.00294357
18  5.9  0.0022103
18  6.1  0.00166711
18  6.3  0.00126296
18  6.5  0.000960349
18  6.7  0.000732939
18  6.9  0.000561604
18  7.1  0.000431757
18  7.3  0.000333053
18  7.5  0.000257859
18  7.7  0.000200151
18  7.9  0.000155873
18  8.1  0.000121799
18  8.3  9.52919e-05
18  8.5  7.4795e-05
18  8.7  5.8879e-05
18  8.9  4.64953e-05
18  9.1  3.67516e-05
18  9.3  2.91366e-05
18  9.5  2.31518e-05
18  9.7  1.84388e-05
18  9.9  1.47058e-05
18  10.1  1.17532e-05
18  10.3  9.41152e-06
18  10.5  7.5509e-06
18  10.7  6.06974e-06
18  10.9  4.88819e-06
18  11.1  3.94165e-06
18  11.3  3.18376e-06
18  11.5  2.57675e-06
18  11.7  2.08786e-06
18  11.9  1.69492e-06
20  0.1  89.995
20  0.3  67.1512
20  0.5  47.4158
20  0.7  31.6691
20  0.9  20.5198
20  1.1  13.1262
20  1.3  8.37267
20  1.5  5.35245
20  1.7  3.43921
20  1.9  2.22689
20  2.1  1.45426
20  2.3  0.958517
20  2.5  0.637631
20  2.7  0.42833
20  2.9  0.290365
20  3.1  0.198769
20  3.3  0.137301
20  3.5  0.0956253
20  3.7  0.0671168
20  3.9  0.0474928
20  4.1  0.0338537
20  4.3  0.0242995
20  4.5  0.0175575
20  4.7  0.0127655
20  4.9  0.00933757
20  5.1  0.00686946
20  5.3  0.00508129
20  5.5  0.00377888
20  5.7  0.00282284
20  5.9  0.00211903
20  6.1  0.00159787
20  6.3  0.0012103
20  6.5  0.000920057
20  6.7  0.000702026
20  6.9  0.000537831
20  7.1  0.0004134
20  7.3  0.000318831
20  7.5  0.000246828
20  7.7  0.000191552
20  7.9  0.000149153
20  8.1  0.000116529
20  8.3  9.1207e-05
20  8.5  7.15696e-05
20  8.7  5.63057e-05
20  8.9  4.44559e-05
20  9.1  3.51364e-05
20  9.3  2.78526e-05
20  9.5  2.21288e-05
20  9.7  1.76225e-05
20  9.9  1.40549e-05
20  10.1  1.12295e-05
20  10.3  8.99191e-06
20  10.5  7.21355e-06
20  10.7  5.79795e-06
20  10.9  4.66875e-06
20  11.1  3.76563e-06
20  11.3  3.0406e-06
20  11.5  2.4605e-06
20  11.7  1.99345e-06
20  11.9  1.6182e-06
22  0.1  87.4211
22  0.3  65.2178
22  0.5  46.0371
22  0.7  30.7277
22  0.9  19.8895
22  1.1  12.7058
22  1.3  8.09175
22  1.5  5.16434
22  1.7  3.31299
22  1.9  2.14175
22  2.1  1.39674
22  2.3  0.919295
22  2.5  0.610732
22  2.7  0.409863
22  2.9  0.277504
22  3.1  0.189784
22  3.3  0.130996
22  3.5  0.0911527
22  3.7  0.0639377
22  3.9  0.0452125
22  4.1  0.03221
22  4.3  0.0231059
22  4.5  0.0166858
22  4.7  0.0121259
22  4.9  0.00886561
22  5.1  0.00651925
22  5.3  0.00482172
22  5.5  0.00358309
22  5.7  0.00267607
22  5.9  0.00200807
22  6.1  0.00151383
22  6.3  0.00114638
22  6.5  0.000870913
22  6.7  0.000664562
22  6.9  0.000509002
22  7.1  0.000391142
22  7.3  0.000301591
22  7.5  0.00023344
22  7.7  0.000181223
22  7.9  0.000140999
22  8.1  0.000110136
22  8.3  8.62029e-05
22  8.5  6.76536e-05
22  8.7  5.32404e-05
22  8.9  4.19907e-05
22  9.1  3.31807e-05
22  9.3  2.62995e-05
22  9.5  2.08915e-05
22  9.7  1.66352e-05
22  9.9  1.32637e-05
22  10.1  1.05966e-05
22  10.3  8.4843e-06
22  10.5  6.80534e-06
22  10.7  5.46907e-06
22  10.9  4.40367e-06
22  11.1  3.55129e-06
22  11.3  2.8679e-06
22  11.5  2.31977e-06
22  11.7  1.87953e-06
22  11.9  1.52458e-06
24  0.1  84.1355
24  0.3  62.7519
24  0.5  44.2853
24  0.7  29.5289
24  0.9  19.0879
24  1.1  12.1712
24  1.3  7.73562
24  1.5  4.92663
24  1.7  3.15405
24  1.9  2.03476
24  2.1  1.32453
24  2.3  0.870312
24  2.5  0.577219
24  2.7  0.3868
24  2.9  0.261532
24  3.1  0.178732
24  3.3  0.123179
24  3.5  0.0856256
24  3.7  0.0600071
24  3.9  0.0423949
24  4.1  0.0301832
24  4.3  0.0216354
24  4.5  0.015613
24  4.7  0.0113369
24  4.9  0.0082878
24  5.1  0.00609097
24  5.3  0.00450183
24  5.5  0.00334355
24  5.7  0.00249612
24  5.9  0.00187242
24  6.1  0.00141089
24  6.3  0.00106748
24  6.5  0.000811096
24  6.7  0.000618711
24  6.9  0.00047358
24  7.1  0.000363927
24  7.3  0.000280529
24  7.5  0.000217162
24  7.7  0.000168381
24  7.9  0.000131064
24  8.1  0.000102343
24  8.3  8.00803e-05
24  8.5  6.28367e-05
24  8.7  4.94422e-05
24  8.9  3.89695e-05
24  9.1  3.07992e-05
24  9.3  2.44066e-05
24  9.5  1.93876e-05
24  9.7  1.54331e-05
24  9.9  1.23023e-05
24  10.1  9.82701e-06
24  10.3  7.86709e-06
24  10.5  6.30895e-06
24  10.7  5.06841e-06
24  10.9  4.07993e-06
24  11.1  3.28932e-06
24  11.3  2.65598e-06
24  11.5  2.149e-06
24  11.7  1.74181e-06
24  11.9  1.41263e-06
26  0.1  79.8618
26  0.3  59.5435
26  0.5  42.0005
26  0.7  27.9716
26  0.9  18.0482
26  1.1  11.4804
26  1.3  7.27654
26  1.5  4.62118
26  1.7  2.95029
26  1.9  1.89803
26  2.1  1.23254
26  2.3  0.808086
26  2.5  0.534851
26  2.7  0.357755
26  2.9  0.241574
26  3.1  0.164743
26  3.3  0.113384
26  3.5  0.078716
26  3.7  0.0550978
26  3.9  0.038884
26  4.1  0.0276557
26  4.3  0.019806
26  4.5  0.01428
26  4.7  0.0103605
26  4.9  0.00756667
26  5.1  0.00555837
26  5.3  0.00410588
26  5.5  0.00304723
26  5.7  0.00227417
26  5.9  0.00170517
26  6.1  0.00128375
26  6.3  0.000970816
26  6.5  0.000737318
26  6.7  0.000562193
26  6.9  0.000430124
26  7.1  0.000330411
26  7.3  0.000254599
26  7.5  0.00019701
26  7.7  0.000152801
26  7.9  0.000118878
26  8.1  9.27529e-05
26  8.3  7.25112e-05
26  8.5  5.68826e-05
26  8.7  4.47545e-05
26  8.9  3.52611e-05
26  9.1  2.78694e-05
26  9.3  2.20807e-05
26  9.5  1.75386e-05
26  9.7  1.39488e-05
26  9.9  1.11236e-05
26  10.1  8.88332e-06
26  10.3  7.1104e-06
26  10.5  5.69893e-06
26  10.7  4.57729e-06
26  10.9  3.68516e-06
26  11.1  2.96972e-06
26  11.3  2.39871e-06
26  11.5  1.93907e-06
26  11.7  1.57073e-06
26  11.9  1.27421e-06
28  0.1  74.2214
28  0.3  55.3192
28  0.5  38.9859
28  0.7  25.9248
28  0.9  16.6833
28  1.1  10.5773
28  1.3  6.67921
28  1.5  4.22565
28  1.7  2.68752
28  1.9  1.72285
28  2.1  1.11516
28  2.3  0.728727
28  2.5  0.481105
28  2.7  0.32099
28  2.9  0.216293
28  3.1  0.147196
28  3.3  0.1011
28  3.5  0.0700733
28  3.7  0.0489666
28  3.9  0.0345154
28  4.1  0.0245122
28  4.3  0.0175316
28  4.5  0.0126258
28  4.7  0.0091499
28  4.9  0.00667629
28  5.1  0.00490051
28  5.3  0.00361574
28  5.5  0.00268163
28  5.7  0.00199938
28  5.9  0.00149888
28  6.1  0.00112723
28  6.3  0.00085234
28  6.5  0.000646616
28  6.7  0.000492763
28  6.9  0.000376792
28  7.1  0.00028921
28  7.3  0.000222855
28  7.5  0.000172244
28  7.7  0.000133497
28  7.9  0.000103874
28  8.1  8.10152e-05
28  8.3  6.33497e-05
28  8.5  4.96756e-05
28  8.7  3.9046e-05
28  8.9  3.07753e-05
28  9.1  2.42966e-05
28  9.3  1.92416e-05
28  9.5  1.52752e-05
28  9.7  1.21495e-05
28  9.9  9.68206e-06
28  10.1  7.72955e-06
28  10.3  6.18482e-06
28  10.5  4.95693e-06
28  10.7  3.98043e-06
28  10.9  3.20254e-06
28  11.1  2.5802e-06
28  11.3  2.08367e-06
28  11.5  1.68439e-06
28  11.7  1.36378e-06
28  11.9  1.10574e-06
30  0.1  66.9001
30  0.3  49.7968
30  0.5  35.049
30  0.7  23.2548
30  0.9  14.9109
30  1.1  9.41068
30  1.3  5.91213
30  1.5  3.72013
30  1.7  2.35454
30  1.9  1.50233
30  2.1  0.968164
30  2.3  0.630105
30  2.5  0.414531
30  2.7  0.275588
30  2.9  0.185038
30  3.1  0.125644
30  3.3  0.0860842
30  3.5  0.0595374
30  3.7  0.0415423
30  3.9  0.029224
30  4.1  0.02072
30  4.3  0.0148006
30  4.5  0.0106415
30  4.7  0.00770796
30  4.9  0.00562301
30  5.1  0.00412421
30  5.3  0.00304252
30  5.5  0.00225584
30  5.7  0.00168023
30  5.9  0.0012581
30  6.1  0.000944409
30  6.3  0.000712884
30  6.5  0.000540543
30  6.7  0.000411799
30  6.9  0.000314857
30  7.1  0.000241692
30  7.3  0.00018639
30  7.5  0.000144117
30  7.7  0.000111835
30  7.9  8.71618e-05
30  8.1  6.81263e-05
30  8.3  5.33755e-05
30  8.5  4.19332e-05
30  8.7  3.30507e-05
30  8.9  2.61695e-05
30  9.1  2.07596e-05
30  9.3  1.65261e-05
30  9.5  1.31876e-05
30  9.7  1.05513e-05
30  9.9  8.46939e-06
30  10.1  6.81691e-06
30  10.3  5.50076e-06
30  10.5  4.45403e-06
30  10.7  3.61141e-06
30  10.9  2.87692e-06
30  11.1  2.2883e-06
30  11.3  1.82852e-06
30  11.5  1.46052e-06
30  11.7  1.16834e-06
30  11.9  9.35665e-07
32  0.1  57.6629
32  0.3  42.9452
32  0.5  30.1882
32  0.7  19.958
32  0.9  12.7387
32  1.1  7.99182
32  1.3  4.98767
32  1.5  3.11997
32  1.7  1.9629
32  1.9  1.24548
32  2.1  0.79857
32  2.3  0.518142
32  2.5  0.339858
32  2.7  0.225519
32  2.9  0.15113
32  3.1  0.101771
32  3.3  0.0692061
32  3.5  0.0475606
32  3.7  0.0330571
32  3.9  0.0231847
32  4.1  0.0164024
32  4.3  0.011685
32  4.5  0.00838641
32  4.7  0.00605811
32  4.9  0.00440881
32  5.1  0.00322478
32  5.3  0.00237368
32  5.5  0.0017567
32  5.7  0.00130643
32  5.9  0.000976741
32  6.1  0.000733414
32  6.3  0.000553119
32  6.5  0.00041929
32  6.7  0.000319101
32  6.9  0.00024362
32  7.1  0.000186859
32  7.3  0.000143424
32  7.5  0.000110625
32  7.7  8.56785e-05
32  7.9  6.64906e-05
32  8.1  5.17946e-05
32  8.3  4.04108e-05
32  8.5  3.16752e-05
32  8.7  2.48655e-05
32  8.9  1.95761e-05
32  9.1  1.54344e-05
32  9.3  1.22209e-05
32  9.5  9.68215e-06
32  9.7  7.69249e-06
32  9.9  6.12545e-06
32  10.1  4.88716e-06
32  10.3  3.90634e-06
32  10.5  3.12726e-06
32  10.7  2.50891e-06
32  10.9  2.01666e-06
32  11.1  1.62407e-06
32  11.3  1.30927e-06
32  11.5  1.05776e-06
32  11.7  8.55771e-07
32  11.9  6.93346e-07
