# fragmentation : LHAPDF (data/prompt-D0-1-109/prompt-D0-1-109_0090.dat, member 0, Q=1.5)
# channel       : An0n
#   dipole file dir       : data/Pb/mve/glauber_mve_<b>
#   pD0 loop             : 0.1 to 12.0 GeV, step 0.2
#   fixed rapidity y      : -2.0
# ============================================================
# b  pD0  dsigma_dyd2pD0
0  0.1  622.77
0  0.3  492.369
0  0.5  384.213
0  0.7  292.83
0  0.9  219.775
0  1.1  163.137
0  1.3  120.205
0  1.5  88.2626
0  1.7  64.8457
0  1.9  47.8093
0  2.1  35.4684
0  2.3  26.5143
0  2.5  19.9921
0  2.7  15.2187
0  2.9  11.6912
0  3.1  9.07517
0  3.3  7.10985
0  3.5  5.62159
0  3.7  4.48354
0  3.9  3.6089
0  4.1  2.92772
0  4.3  2.39223
0  4.5  1.96737
0  4.7  1.63076
0  4.9  1.36015
0  5.1  1.14082
0  5.3  0.962336
0  5.5  0.815626
0  5.7  0.694479
0  5.9  0.594741
0  6.1  0.511634
0  6.3  0.44186
0  6.5  0.38309
0  6.7  0.333466
0  6.9  0.290964
0  7.1  0.254919
0  7.3  0.22826
0  7.5  0.204825
0  7.7  0.184284
0  7.9  0.16631
0  8.1  0.15043
0  8.3  0.136456
0  8.5  0.124053
0  8.7  0.112956
0  8.9  0.103096
0  9.1  0.0942954
0  9.3  0.0865053
0  9.5  0.0793349
0  9.7  0.0730017
0  9.9  0.0672128
0  10.1  0.0620177
0  10.3  0.0573069
0  10.5  0.0531208
0  10.7  0.0492181
0  10.9  0.0456823
0  11.1  0.0424614
0  11.3  0.0394697
0  11.5  0.0367795
0  11.7  0.0343064
0  11.9  0.0320374
2  0.1  622.068
2  0.3  491.786
2  0.5  383.75
2  0.7  292.466
2  0.9  219.462
2  1.1  162.905
2  1.3  120.027
2  1.5  88.1251
2  1.7  64.74
2  1.9  47.73
2  2.1  35.4075
2  2.3  26.4675
2  2.5  19.9552
2  2.7  15.1873
2  2.9  11.6722
2  3.1  9.05647
2  3.3  7.09637
2  3.5  5.61093
2  3.7  4.47499
2  3.9  3.60101
2  4.1  2.92213
2  4.3  2.38739
2  4.5  1.96359
2  4.7  1.62765
2  4.9  1.35757
2  5.1  1.13863
2  5.3  0.960476
2  5.5  0.814059
2  5.7  0.693151
2  5.9  0.593596
2  6.1  0.510643
2  6.3  0.441001
2  6.5  0.382357
2  6.7  0.332844
2  6.9  0.290427
2  7.1  0.254417
2  7.3  0.227799
2  7.5  0.204351
2  7.7  0.183942
2  7.9  0.165992
2  8.1  0.150138
2  8.3  0.136198
2  8.5  0.123777
2  8.7  0.112735
2  8.9  0.102899
2  9.1  0.0941154
2  9.3  0.0862933
2  9.5  0.0792575
2  9.7  0.0728604
2  9.9  0.0670814
2  10.1  0.0618975
2  10.3  0.0572517
2  10.5  0.0529377
2  10.7  0.0490801
2  10.9  0.0455949
2  11.1  0.0423733
2  11.3  0.0393933
2  11.5  0.0366986
2  11.7  0.0342818
2  11.9  0.0319745
4  0.1  619.563
4  0.3  490.028
4  0.5  382.334
4  0.7  291.383
4  0.9  218.693
4  1.1  162.086
4  1.3  119.409
4  1.5  87.6941
4  1.7  64.4198
4  1.9  47.4941
4  2.1  35.2144
4  2.3  26.3254
4  2.5  19.8477
4  2.7  15.1025
4  2.9  11.6035
4  3.1  9.00672
4  3.3  7.05597
4  3.5  5.57875
4  3.7  4.4492
4  3.9  3.58022
4  4.1  2.90522
4  4.3  2.37394
4  4.5  1.95223
4  4.7  1.61825
4  4.9  1.3498
4  5.1  1.13203
4  5.3  0.954828
4  5.5  0.809325
4  5.7  0.68916
4  5.9  0.590134
4  6.1  0.507675
4  6.3  0.438456
4  6.5  0.380148
4  6.7  0.330693
4  6.9  0.288655
4  7.1  0.252949
4  7.3  0.226349
4  7.5  0.203152
4  7.7  0.182895
4  7.9  0.165022
4  8.1  0.149267
4  8.3  0.135404
4  8.5  0.123059
4  8.7  0.112155
4  8.9  0.102301
4  9.1  0.0935678
4  9.3  0.0858335
4  9.5  0.0787266
4  9.7  0.0724401
4  9.9  0.0666946
4  10.1  0.0615379
4  10.3  0.0568665
4  10.5  0.0526287
4  10.7  0.0488037
4  10.9  0.0453281
4  11.1  0.0421281
4  11.3  0.0391567
4  11.5  0.0364853
4  11.7  0.0340443
4  11.9  0.0317881
6  0.1  616.171
6  0.3  487.022
6  0.5  379.998
6  0.7  289.502
6  0.9  217.164
6  1.1  161.052
6  1.3  118.529
6  1.5  86.9756
6  1.7  63.8845
6  1.9  47.0789
6  2.1  34.9044
6  2.3  26.0846
6  2.5  19.6635
6  2.7  14.9649
6  2.9  11.497
6  3.1  8.91941
6  3.3  6.98796
6  3.5  5.52488
6  3.7  4.40808
6  3.9  3.54605
6  4.1  2.87731
6  4.3  2.351
6  4.5  1.93425
6  4.7  1.60243
6  4.9  1.33656
6  5.1  1.12032
6  5.3  0.94538
6  5.5  0.801334
6  5.7  0.682343
6  5.9  0.584334
6  6.1  0.502616
6  6.3  0.434232
6  6.5  0.376415
6  6.7  0.327624
6  6.9  0.28583
6  7.1  0.250416
6  7.3  0.224271
6  7.5  0.201162
6  7.7  0.18108
6  7.9  0.163384
6  8.1  0.147813
6  8.3  0.134043
6  8.5  0.121897
6  8.7  0.111071
6  8.9  0.101293
6  9.1  0.0926517
6  9.3  0.084904
6  9.5  0.078015
6  9.7  0.0717346
6  9.9  0.0660322
6  10.1  0.0609894
6  10.3  0.056308
6  10.5  0.0521112
6  10.7  0.0483025
6  10.9  0.0448845
6  11.1  0.0416633
6  11.3  0.0387758
6  11.5  0.0361303
6  11.7  0.0336966
6  11.9  0.0314738
8  0.1  610.903
8  0.3  482.786
8  0.5  376.686
8  0.7  286.836
8  0.9  215.145
8  1.1  159.444
8  1.3  117.234
8  1.5  86.0032
8  1.7  63.1199
8  1.9  46.4978
8  2.1  34.4556
8  2.3  25.7446
8  2.5  19.4039
8  2.7  14.7581
8  2.9  11.3383
8  3.1  8.79746
8  3.3  6.89137
8  3.5  5.44807
8  3.7  4.34703
8  3.9  3.49749
8  4.1  2.83699
8  4.3  2.31793
8  4.5  1.90594
8  4.7  1.57996
8  4.9  1.31763
8  5.1  1.10447
8  5.3  0.931661
8  5.5  0.789891
8  5.7  0.672771
8  5.9  0.576174
8  6.1  0.495601
8  6.3  0.42808
8  6.5  0.371113
8  6.7  0.322825
8  6.9  0.281788
8  7.1  0.247028
8  7.3  0.221118
8  7.5  0.198303
8  7.7  0.178501
8  7.9  0.161086
8  8.1  0.145725
8  8.3  0.132165
8  8.5  0.120131
8  8.7  0.109505
8  8.9  0.0999103
8  9.1  0.0913547
8  9.3  0.0837234
8  9.5  0.0768517
8  9.7  0.0707508
8  9.9  0.0651025
8  10.1  0.0600822
8  10.3  0.0555166
8  10.5  0.0513826
8  10.7  0.047627
8  10.9  0.0442054
8  11.1  0.0411403
8  11.3  0.0382369
8  11.5  0.035611
8  11.7  0.0332232
8  11.9  0.0310407
10  0.1  603.877
10  0.3  477.187
10  0.5  372.207
10  0.7  283.338
10  0.9  212.367
10  1.1  157.234
10  1.3  115.547
10  1.5  84.7177
10  1.7  62.1175
10  1.9  45.7217
10  2.1  33.8747
10  2.3  25.2937
10  2.5  19.0569
10  2.7  14.494
10  2.9  11.1316
10  3.1  8.63634
10  3.3  6.76468
10  3.5  5.34761
10  3.7  4.26456
10  3.9  3.43302
10  4.1  2.78294
10  4.3  2.27469
10  4.5  1.87166
10  4.7  1.55063
10  4.9  1.29307
10  5.1  1.08458
10  5.3  0.914171
10  5.5  0.775058
10  5.7  0.660188
10  5.9  0.565281
10  6.1  0.486226
10  6.3  0.42006
10  6.5  0.364093
10  6.7  0.316742
10  6.9  0.276544
10  7.1  0.242251
10  7.3  0.216908
10  7.5  0.194578
10  7.7  0.175225
10  7.9  0.158049
10  8.1  0.14295
10  8.3  0.129757
10  8.5  0.117905
10  8.7  0.107422
10  8.9  0.0980126
10  9.1  0.0896525
10  9.3  0.0821623
10  9.5  0.075464
10  9.7  0.0694331
10  9.9  0.0639591
10  10.1  0.0589625
10  10.3  0.05449
10  10.5  0.0504327
10  10.7  0.0467451
10  10.9  0.0433879
10  11.1  0.0403698
10  11.3  0.0375272
10  11.5  0.0349595
10  11.7  0.0326041
10  11.9  0.0304511
12  0.1  594.802
12  0.3  469.895
12  0.5  366.558
12  0.7  278.914
12  0.9  208.873
12  1.1  154.579
12  1.3  113.42
12  1.5  83.0795
12  1.7  60.8543
12  1.9  44.7612
12  2.1  33.1389
12  2.3  24.7328
12  2.5  18.6265
12  2.7  14.1621
12  2.9  10.8761
12  3.1  8.43667
12  3.3  6.60738
12  3.5  5.22204
12  3.7  4.16546
12  3.9  3.35174
12  4.1  2.71895
12  4.3  2.22082
12  4.5  1.82759
12  4.7  1.51392
12  4.9  1.26249
12  5.1  1.05879
12  5.3  0.89314
12  5.5  0.756911
12  5.7  0.644408
12  5.9  0.551992
12  6.1  0.47466
12  6.3  0.410028
12  6.5  0.355425
12  6.7  0.309177
12  6.9  0.270067
12  7.1  0.236471
12  7.3  0.2118
12  7.5  0.189926
12  7.7  0.171003
12  7.9  0.154294
12  8.1  0.139608
12  8.3  0.12663
12  8.5  0.115107
12  8.7  0.104901
12  8.9  0.0957039
12  9.1  0.0875451
12  9.3  0.0802282
12  9.5  0.0736937
12  9.7  0.0678004
12  9.9  0.062432
12  10.1  0.0576435
12  10.3  0.0532687
12  10.5  0.0492477
12  10.7  0.0456988
12  10.9  0.0424233
12  11.1  0.0393762
12  11.3  0.0366459
12  11.5  0.0341378
12  11.7  0.0318435
12  11.9  0.0297524
14  0.1  583.486
14  0.3  461.148
14  0.5  359.593
14  0.7  273.437
14  0.9  204.547
14  1.1  151.147
14  1.3  110.815
14  1.5  81.0283
14  1.7  59.3023
14  1.9  43.5799
14  2.1  32.2416
14  2.3  24.0465
14  2.5  18.1008
14  2.7  13.7587
14  2.9  10.5622
14  3.1  8.19139
14  3.3  6.4159
14  3.5  5.06902
14  3.7  4.04319
14  3.9  3.25211
14  4.1  2.63832
14  4.3  2.15556
14  4.5  1.77345
14  4.7  1.4684
14  4.9  1.22454
14  5.1  1.02722
14  5.3  0.866466
14  5.5  0.734062
14  5.7  0.625245
14  5.9  0.535475
14  6.1  0.460599
14  6.3  0.397633
14  6.5  0.344885
14  6.7  0.300142
14  6.9  0.261879
14  7.1  0.229408
14  7.3  0.2054
14  7.5  0.184375
14  7.7  0.165873
14  7.9  0.149706
14  8.1  0.135459
14  8.3  0.122834
14  8.5  0.111672
14  8.7  0.101715
14  8.9  0.0928851
14  9.1  0.0849205
14  9.3  0.0778976
14  9.5  0.0714913
14  9.7  0.065716
14  9.9  0.0606004
14  10.1  0.0559
14  10.3  0.0516177
14  10.5  0.04783
14  10.7  0.0443296
14  10.9  0.0411442
14  11.1  0.0382437
14  11.3  0.0355951
14  11.5  0.0331163
14  11.7  0.0309051
14  11.9  0.02886
16  0.1  569.753
16  0.3  450.313
16  0.5  350.92
16  0.7  266.755
16  0.9  199.268
16  1.1  147.014
16  1.3  107.618
16  1.5  78.572
16  1.7  57.4305
16  1.9  42.1563
16  2.1  31.1599
16  2.3  23.2215
16  2.5  17.4694
16  2.7  13.2713
16  2.9  10.1855
16  3.1  7.89711
16  3.3  6.1831
16  3.5  4.88533
16  3.7  3.89592
16  3.9  3.13429
16  4.1  2.54175
16  4.3  2.07698
16  4.5  1.70857
16  4.7  1.41527
16  4.9  1.18023
16  5.1  0.989706
16  5.3  0.834838
16  5.5  0.707418
16  5.7  0.602165
16  5.9  0.51575
16  6.1  0.443677
16  6.3  0.383102
16  6.5  0.332049
16  6.7  0.288991
16  6.9  0.252159
16  7.1  0.22093
16  7.3  0.197714
16  7.5  0.177563
16  7.7  0.159786
16  7.9  0.144189
16  8.1  0.130472
16  8.3  0.118319
16  8.5  0.107556
16  8.7  0.0979711
16  8.9  0.0894297
16  9.1  0.0818753
16  9.3  0.0750099
16  9.5  0.0689059
16  9.7  0.0633872
16  9.9  0.0583923
16  10.1  0.0538838
16  10.3  0.0497813
16  10.5  0.0460857
16  10.7  0.0427126
16  10.9  0.0395961
16  11.1  0.0368568
16  11.3  0.0342968
16  11.5  0.0319198
16  11.7  0.0297758
16  11.9  0.0278361
18  0.1  553.126
18  0.3  437.086
18  0.5  340.512
18  0.7  258.607
18  0.9  192.912
18  1.1  142.043
18  1.3  103.758
18  1.5  75.6042
18  1.7  55.1853
18  1.9  40.4614
18  2.1  29.8673
18  2.3  22.2364
18  2.5  16.7167
18  2.7  12.6934
18  2.9  9.73536
18  3.1  7.54727
18  3.3  5.90777
18  3.5  4.66885
18  3.7  3.72166
18  3.9  2.99372
18  4.1  2.42765
18  4.3  1.98282
18  4.5  1.63119
18  4.7  1.35098
18  4.9  1.12648
18  5.1  0.944862
18  5.3  0.796542
18  5.5  0.674927
18  5.7  0.575083
18  5.9  0.492192
18  6.1  0.423379
18  6.3  0.365699
18  6.5  0.316878
18  6.7  0.275686
18  6.9  0.240609
18  7.1  0.210736
18  7.3  0.18872
18  7.5  0.169369
18  7.7  0.152412
18  7.9  0.137583
18  8.1  0.124451
18  8.3  0.112897
18  8.5  0.102631
18  8.7  0.0935116
18  8.9  0.0853168
18  9.1  0.078104
18  9.3  0.0715246
18  9.5  0.0657332
18  9.7  0.0604551
18  9.9  0.0556329
18  10.1  0.0513314
18  10.3  0.0474343
18  10.5  0.0439563
18  10.7  0.0407415
18  10.9  0.0378246
18  11.1  0.0351477
18  11.3  0.0327155
18  11.5  0.0304364
18  11.7  0.0284018
18  11.9  0.0265548
20  0.1  532.891
20  0.3  420.974
20  0.5  327.807
20  0.7  248.722
20  0.9  185.15
20  1.1  136.002
20  1.3  99.1469
20  1.5  72.0589
20  1.7  52.4851
20  1.9  38.4109
20  2.1  28.3176
20  2.3  21.0651
20  2.5  15.8233
20  2.7  12.0096
20  2.9  9.2045
20  3.1  7.13174
20  3.3  5.57964
20  3.5  4.4101
20  3.7  3.51278
20  3.9  2.82657
20  4.1  2.29097
20  4.3  1.8724
20  4.5  1.53948
20  4.7  1.27493
20  4.9  1.0631
20  5.1  0.891598
20  5.3  0.751797
20  5.5  0.637028
20  5.7  0.542434
20  5.9  0.464382
20  6.1  0.399206
20  6.3  0.344872
20  6.5  0.298908
20  6.7  0.260063
20  6.9  0.226954
20  7.1  0.198871
20  7.3  0.178095
20  7.5  0.15981
20  7.7  0.143849
20  7.9  0.129866
20  8.1  0.117512
20  8.3  0.106597
20  8.5  0.096872
20  8.7  0.088247
20  8.9  0.0805729
20  9.1  0.0737598
20  9.3  0.0676047
20  9.5  0.0620154
20  9.7  0.0570668
20  9.9  0.0525494
20  10.1  0.0484896
20  10.3  0.0448115
20  10.5  0.0415254
20  10.7  0.0384946
20  10.9  0.0357363
20  11.1  0.0332188
20  11.3  0.03087
20  11.5  0.0287716
20  11.7  0.0268441
20  11.9  0.0250705
22  0.1  512.387
22  0.3  404.12
22  0.5  314.045
22  0.7  237.236
22  0.9  175.587
22  1.1  128.593
22  1.3  93.4323
22  1.5  67.735
22  1.7  49.2228
22  1.9  35.9578
22  2.1  26.4594
22  2.3  19.656
22  2.5  14.749
22  2.7  11.1857
22  2.9  8.57013
22  3.1  6.63728
22  3.3  5.19132
22  3.5  4.09922
22  3.7  3.26629
22  3.9  2.6267
22  4.1  2.12928
22  4.3  1.73838
22  4.5  1.42958
22  4.7  1.18456
22  4.9  0.9875
22  5.1  0.828198
22  5.3  0.69822
22  5.5  0.591619
22  5.7  0.503791
22  5.9  0.431311
22  6.1  0.370968
22  6.3  0.320309
22  6.5  0.277685
22  6.7  0.241509
22  6.9  0.210855
22  7.1  0.184687
22  7.3  0.165269
22  7.5  0.148368
22  7.7  0.133569
22  7.9  0.120585
22  8.1  0.109051
22  8.3  0.098919
22  8.5  0.0899561
22  8.7  0.0819458
22  8.9  0.07482
22  9.1  0.0684981
22  9.3  0.0627311
22  9.5  0.0576591
22  9.7  0.0530232
22  9.9  0.0487981
22  10.1  0.045087
22  10.3  0.0416708
22  10.5  0.0385491
22  10.7  0.0357223
22  10.9  0.0331595
22  11.1  0.0308464
22  11.3  0.0286683
22  11.5  0.026727
22  11.7  0.0249323
22  11.9  0.0232858
24  0.1  476.346
24  0.3  376.227
24  0.5  292.661
24  0.7  221.38
24  0.9  163.798
24  1.1  119.479
24  1.3  86.5324
24  1.5  62.51
24  1.7  45.2691
24  1.9  32.9852
24  2.1  24.2255
24  2.3  17.9673
24  2.5  13.4682
24  2.7  10.2011
24  2.9  7.81052
24  3.1  6.04712
24  3.3  4.72681
24  3.5  3.73158
24  3.7  2.97136
24  3.9  2.39
24  4.1  1.93659
24  4.3  1.58053
24  4.5  1.30008
24  4.7  1.07652
24  4.9  0.89722
24  5.1  0.752545
24  5.3  0.634424
24  5.5  0.537455
24  5.7  0.457419
24  5.9  0.39165
24  6.1  0.336833
24  6.3  0.290789
24  6.5  0.252124
24  6.7  0.219241
24  6.9  0.191329
24  7.1  0.167495
24  7.3  0.149941
24  7.5  0.134641
24  7.7  0.121219
24  7.9  0.10941
24  8.1  0.0990138
24  8.3  0.0897848
24  8.5  0.0816366
24  8.7  0.074403
24  8.9  0.0678917
24  9.1  0.0621101
24  9.3  0.0569667
24  9.5  0.0523132
24  9.7  0.0481189
24  9.9  0.0442857
24  10.1  0.0408976
24  10.3  0.0377571
24  10.5  0.0349996
24  10.7  0.0324371
24  10.9  0.0301102
24  11.1  0.0279599
24  11.3  0.0260134
24  11.5  0.0242398
24  11.7  0.0226133
24  11.9  0.0211176
26  0.1  437.12
26  0.3  344.993
26  0.5  268.157
26  0.7  202.248
26  0.9  149.037
26  1.1  108.22
26  1.3  77.9251
26  1.5  56.0479
26  1.7  40.4594
26  1.9  29.378
26  2.1  21.5232
26  2.3  15.9357
26  2.5  11.9274
26  2.7  9.02258
26  2.9  6.89858
26  3.1  5.33683
26  3.3  4.17053
26  3.5  3.291
26  3.7  2.62056
26  3.9  2.10557
26  4.1  1.70621
26  4.3  1.39266
26  4.5  1.14454
26  4.7  0.947424
26  4.9  0.789725
26  5.1  0.661544
26  5.3  0.55798
26  5.5  0.472581
26  5.7  0.402463
26  5.9  0.344439
26  6.1  0.296123
26  6.3  0.255575
26  6.5  0.221455
26  6.7  0.192723
26  6.9  0.168125
26  7.1  0.147223
26  7.3  0.131793
26  7.5  0.118317
26  7.7  0.1065
26  7.9  0.0961824
26  8.1  0.0870524
26  8.3  0.0789546
26  8.5  0.0717802
26  8.7  0.0653994
26  8.9  0.0596968
26  9.1  0.0546202
26  9.3  0.0500871
26  9.5  0.0459554
26  9.7  0.0422665
26  9.9  0.0389793
26  10.1  0.0359651
26  10.3  0.0332044
26  10.5  0.0307344
26  10.7  0.0285282
26  10.9  0.0264415
26  11.1  0.0245918
26  11.3  0.0228782
26  11.5  0.0213159
26  11.7  0.0198821
26  11.9  0.0185701
28  0.1  387.039
28  0.3  305.459
28  0.5  237.128
28  0.7  178.316
28  0.9  130.596
28  1.1  94.2227
28  1.3  67.4198
28  1.5  48.2417
28  1.7  34.6415
28  1.9  25.0522
28  2.1  18.3027
28  2.3  13.5135
28  2.5  10.092
28  2.7  7.62411
28  2.9  5.82364
28  3.1  4.5
28  3.3  3.51356
28  3.5  2.77095
28  3.7  2.20348
28  3.9  1.77056
28  4.1  1.43437
28  4.3  1.16993
28  4.5  0.961367
28  4.7  0.795473
28  4.9  0.662783
28  5.1  0.555495
28  5.3  0.46785
28  5.5  0.396405
28  5.7  0.337371
28  5.9  0.288551
28  6.1  0.248248
28  6.3  0.214227
28  6.5  0.185648
28  6.7  0.16139
28  6.9  0.140818
28  7.1  0.123229
28  7.3  0.110344
28  7.5  0.0990654
28  7.7  0.0891724
28  7.9  0.0805332
28  8.1  0.0728759
28  8.3  0.0661283
28  8.5  0.0601203
28  8.7  0.0547713
28  8.9  0.0500174
28  9.1  0.0457625
28  9.3  0.0419539
28  9.5  0.0385175
28  9.7  0.0353948
28  9.9  0.0326441
28  10.1  0.0300921
28  10.3  0.027842
28  10.5  0.0257424
28  10.7  0.023893
28  10.9  0.0221607
28  11.1  0.0206068
28  11.3  0.0191559
28  11.5  0.017848
28  11.7  0.0166521
28  11.9  0.015545
30  0.1  325.574
30  0.3  256.874
30  0.5  199.074
30  0.7  148.886
30  0.9  108.252
30  1.1  77.4429
30  1.3  54.9966
30  1.5  39.0713
30  1.7  27.8855
30  1.9  20.0822
30  2.1  14.6026
30  2.3  10.7449
30  2.5  8.00955
30  2.7  6.03991
30  2.9  4.60342
30  3.1  3.55392
30  3.3  2.77101
30  3.5  2.18284
30  3.7  1.7353
30  3.9  1.39271
30  4.1  1.12724
30  4.3  0.919158
30  4.5  0.754919
30  4.7  0.624196
30  4.9  0.519796
30  5.1  0.43513
30  5.3  0.366846
30  5.5  0.310632
30  5.7  0.264141
30  5.9  0.225971
30  6.1  0.194107
30  6.3  0.167605
30  6.5  0.145144
30  6.7  0.126192
30  6.9  0.110087
30  7.1  0.0963477
30  7.3  0.0862606
30  7.5  0.0774597
30  7.7  0.0697467
30  7.9  0.0629722
30  8.1  0.0569988
30  8.3  0.0517135
30  8.5  0.0470401
30  8.7  0.042849
30  8.9  0.0391442
30  9.1  0.0358138
30  9.3  0.0328276
30  9.5  0.0301498
30  9.7  0.0277406
30  9.9  0.0255557
30  10.1  0.0235609
30  10.3  0.0218009
30  10.5  0.0201745
30  10.7  0.0187011
30  10.9  0.0173619
30  11.1  0.0161323
30  11.3  0.0150137
30  11.5  0.014007
30  11.7  0.0130476
30  11.9  0.0121994
32  0.1  254.894
32  0.3  201.159
32  0.5  155.526
32  0.7  115.628
32  0.9  83.2976
32  1.1  58.9224
32  1.3  41.4587
32  1.5  29.1842
32  1.7  20.6832
32  1.9  14.8088
32  2.1  10.7184
32  2.3  7.86325
32  2.5  5.83712
32  2.7  4.38868
32  2.9  3.34034
32  3.1  2.57273
32  3.3  2.00404
32  3.5  1.57754
32  3.7  1.25251
32  3.9  1.00452
32  4.1  0.814034
32  4.3  0.663789
32  4.5  0.546271
32  4.7  0.451863
32  4.9  0.376514
32  5.1  0.315121
32  5.3  0.265269
32  5.5  0.224592
32  5.7  0.191042
32  5.9  0.162808
32  6.1  0.139493
32  6.3  0.119992
32  6.5  0.103704
32  6.7  0.0900871
32  6.9  0.0785915
32  7.1  0.0687762
32  7.3  0.0615676
32  7.5  0.0553121
32  7.7  0.0498202
32  7.9  0.0449573
32  8.1  0.0407137
32  8.3  0.0369311
32  8.5  0.0335939
32  8.7  0.0306071
32  8.9  0.0279429
32  9.1  0.0255794
32  9.3  0.0234379
32  9.5  0.0215172
32  9.7  0.0197768
32  9.9  0.0182429
32  10.1  0.0168346
32  10.3  0.0155457
32  10.5  0.0144037
32  10.7  0.0133506
32  10.9  0.0123918
32  11.1  0.0115139
32  11.3  0.0107275
32  11.5  0.00999722
32  11.7  0.00931372
32  11.9  0.00870697
