# fragmentation : LHAPDF (data/prompt-D0-1-109/prompt-D0-1-109_0027.dat, member 0, Q=1.5)
# channel       : An0n
#   dipole file dir       : data/Pb/mve/glauber_mve_<b>
#   pD0 loop             : 0.1 to 12.0 GeV, step 0.2
#   fixed rapidity y      : 3.5
# ============================================================
# b  pD0  dsigma_dyd2pD0
0  0.1  48.2551
0  0.3  31.5476
0  0.5  19.6404
0  0.7  11.7993
0  0.9  6.986
0  1.1  4.1278
0  1.3  2.44655
0  1.5  1.45877
0  1.7  0.87781
0  1.9  0.532899
0  2.1  0.326649
0  2.3  0.202131
0  2.5  0.126292
0  2.7  0.0796295
0  2.9  0.0506213
0  3.1  0.0324867
0  3.3  0.0210194
0  3.5  0.0137156
0  3.7  0.00901738
0  3.9  0.00596924
0  4.1  0.00398143
0  4.3  0.00267363
0  4.5  0.00180721
0  4.7  0.00122862
0  4.9  0.00084026
0  5.1  0.000577839
0  5.3  0.000399499
0  5.5  0.000277577
0  5.7  0.000193932
0  5.9  0.00013591
0  6.1  9.57338e-05
0  6.3  6.76942e-05
0  6.5  4.80802e-05
0  6.7  3.42989e-05
0  6.9  2.45262e-05
0  7.1  1.76185e-05
0  7.3  1.2689e-05
0  7.5  9.17327e-06
0  7.7  6.64563e-06
0  7.9  4.83059e-06
0  8.1  3.52413e-06
0  8.3  2.57573e-06
0  8.5  1.8888e-06
0  8.7  1.38804e-06
0  8.9  1.02266e-06
0  9.1  7.55129e-07
0  9.3  5.58837e-07
0  9.5  4.14415e-07
0  9.7  3.08015e-07
0  9.9  2.29438e-07
0  10.1  1.71251e-07
0  10.3  1.28068e-07
0  10.5  9.59415e-08
0  10.7  7.20032e-08
0  10.9  5.41327e-08
0  11.1  4.07695e-08
0  11.3  3.07474e-08
0  11.5  2.32277e-08
0  11.7  1.75763e-08
0  11.9  1.33175e-08
2  0.1  48.2225
2  0.3  31.5261
2  0.5  19.6267
2  0.7  11.7909
2  0.9  6.98102
2  1.1  4.12464
2  1.3  2.4446
2  1.5  1.45755
2  1.7  0.877042
2  1.9  0.532413
2  2.1  0.326338
2  2.3  0.201932
2  2.5  0.126163
2  2.7  0.0795459
2  2.9  0.0505667
2  3.1  0.0324508
2  3.3  0.0209958
2  3.5  0.0136998
2  3.7  0.00900685
2  3.9  0.00596213
2  4.1  0.00397662
2  4.3  0.00267035
2  4.5  0.00180497
2  4.7  0.00122709
2  4.9  0.000839202
2  5.1  0.000577105
2  5.3  0.000398982
2  5.5  0.000277214
2  5.7  0.000193676
2  5.9  0.000135729
2  6.1  9.56061e-05
2  6.3  6.7603e-05
2  6.5  4.80152e-05
2  6.7  3.42522e-05
2  6.9  2.44926e-05
2  7.1  1.75943e-05
2  7.3  1.26715e-05
2  7.5  9.16053e-06
2  7.7  6.63635e-06
2  7.9  4.8238e-06
2  8.1  3.51916e-06
2  8.3  2.57207e-06
2  8.5  1.88611e-06
2  8.7  1.38604e-06
2  8.9  1.02119e-06
2  9.1  7.54034e-07
2  9.3  5.58027e-07
2  9.5  4.13814e-07
2  9.7  3.07558e-07
2  9.9  2.29096e-07
2  10.1  1.70996e-07
2  10.3  1.27876e-07
2  10.5  9.57969e-08
2  10.7  7.18943e-08
2  10.9  5.40509e-08
2  11.1  4.07088e-08
2  11.3  3.06992e-08
2  11.5  2.31922e-08
2  11.7  1.75495e-08
2  11.9  1.3297e-08
4  0.1  48.124
4  0.3  31.4613
4  0.5  19.5856
4  0.7  11.7656
4  0.9  6.96537
4  1.1  4.11498
4  1.3  2.43852
4  1.5  1.45383
4  1.7  0.874727
4  1.9  0.530944
4  2.1  0.325409
4  2.3  0.201331
4  2.5  0.125776
4  2.7  0.0792941
4  2.9  0.0504022
4  3.1  0.0323421
4  3.3  0.0209235
4  3.5  0.0136516
4  3.7  0.00897479
4  3.9  0.00594036
4  4.1  0.00396187
4  4.3  0.00266026
4  4.5  0.00179809
4  4.7  0.00122237
4  4.9  0.000835968
4  5.1  0.000574868
4  5.3  0.000397415
4  5.5  0.000276128
4  5.7  0.000192911
4  5.9  0.000135188
4  6.1  9.52988e-05
4  6.3  6.7329e-05
4  6.5  4.78148e-05
4  6.7  3.41139e-05
4  6.9  2.4405e-05
4  7.1  1.75123e-05
4  7.3  1.26203e-05
4  7.5  9.12182e-06
4  7.7  6.61138e-06
4  7.9  4.80437e-06
4  8.1  3.50425e-06
4  8.3  2.56136e-06
4  8.5  1.87809e-06
4  8.7  1.3802e-06
4  8.9  1.01691e-06
4  9.1  7.50761e-07
4  9.3  5.55578e-07
4  9.5  4.12033e-07
4  9.7  3.0631e-07
4  9.9  2.28099e-07
4  10.1  1.70237e-07
4  10.3  1.27299e-07
4  10.5  9.53756e-08
4  10.7  7.1581e-08
4  10.9  5.38129e-08
4  11.1  4.05309e-08
4  11.3  3.05709e-08
4  11.5  2.30939e-08
4  11.7  1.74758e-08
4  11.9  1.32405e-08
6  0.1  47.9576
6  0.3  31.3517
6  0.5  19.516
6  0.7  11.7228
6  0.9  6.93914
6  1.1  4.09889
6  1.3  2.42852
6  1.5  1.44765
6  1.7  0.870807
6  1.9  0.528462
6  2.1  0.323825
6  2.3  0.200315
6  2.5  0.125121
6  2.7  0.0788697
6  2.9  0.0501241
6  3.1  0.0321595
6  3.3  0.020803
6  3.5  0.0135716
6  3.7  0.00892042
6  3.9  0.00590442
6  4.1  0.00393756
6  4.3  0.00264377
6  4.5  0.00178678
6  4.7  0.00121459
6  4.9  0.000830571
6  5.1  0.000571131
6  5.3  0.000394813
6  5.5  0.000274297
6  5.7  0.000191624
6  5.9  0.000134281
6  6.1  9.45842e-05
6  6.3  6.68738e-05
6  6.5  4.74934e-05
6  6.7  3.38773e-05
6  6.9  2.42226e-05
6  7.1  1.73901e-05
6  7.3  1.25323e-05
6  7.5  9.05793e-06
6  7.7  6.56157e-06
6  7.9  4.769e-06
6  8.1  3.47902e-06
6  8.3  2.54261e-06
6  8.5  1.86448e-06
6  8.7  1.37012e-06
6  8.9  1.00938e-06
6  9.1  7.44999e-07
6  9.3  5.51532e-07
6  9.5  4.08989e-07
6  9.7  3.03962e-07
6  9.9  2.26407e-07
6  10.1  1.68983e-07
6  10.3  1.26366e-07
6  10.5  9.46649e-08
6  10.7  7.10426e-08
6  10.9  5.34077e-08
6  11.1  4.02259e-08
6  11.3  3.03309e-08
6  11.5  2.2915e-08
6  11.7  1.73383e-08
6  11.9  1.31372e-08
8  0.1  47.7205
8  0.3  31.1937
8  0.5  19.4163
8  0.7  11.6613
8  0.9  6.90148
8  1.1  4.07576
8  1.3  2.41422
8  1.5  1.43867
8  1.7  0.865198
8  1.9  0.524905
8  2.1  0.321563
8  2.3  0.198861
8  2.5  0.124186
8  2.7  0.0782629
8  2.9  0.049727
8  3.1  0.0318984
8  3.3  0.0206303
8  3.5  0.0134567
8  3.7  0.00884514
8  3.9  0.00585275
8  4.1  0.00390259
8  4.3  0.00262
8  4.5  0.00177051
8  4.7  0.0012034
8  4.9  0.000822843
8  5.1  0.000565759
8  5.3  0.000391064
8  5.5  0.00027167
8  5.7  0.000189776
8  5.9  0.000132976
8  6.1  9.36552e-05
8  6.3  6.62816e-05
8  6.5  4.70194e-05
8  6.7  3.35401e-05
8  6.9  2.39802e-05
8  7.1  1.72148e-05
8  7.3  1.24056e-05
8  7.5  8.96533e-06
8  7.7  6.4946e-06
8  7.9  4.72016e-06
8  8.1  3.44318e-06
8  8.3  2.51632e-06
8  8.5  1.84513e-06
8  8.7  1.35588e-06
8  8.9  9.98842e-07
8  9.1  7.37204e-07
8  9.3  5.45743e-07
8  9.5  4.04685e-07
8  9.7  3.00756e-07
8  9.9  2.24016e-07
8  10.1  1.67194e-07
8  10.3  1.25025e-07
8  10.5  9.36566e-08
8  10.7  7.02841e-08
8  10.9  5.28378e-08
8  11.1  3.9793e-08
8  11.3  3.00087e-08
8  11.5  2.26684e-08
8  11.7  1.71529e-08
8  11.9  1.29957e-08
10  0.1  47.4029
10  0.3  30.9849
10  0.5  19.2836
10  0.7  11.5797
10  0.9  6.85141
10  1.1  4.04507
10  1.3  2.39538
10  1.5  1.42694
10  1.7  0.857769
10  1.9  0.520197
10  2.1  0.318599
10  2.3  0.196935
10  2.5  0.122947
10  2.7  0.077461
10  2.9  0.0492022
10  3.1  0.031554
10  3.3  0.0204021
10  3.5  0.0133048
10  3.7  0.00874331
10  3.9  0.0057843
10  4.1  0.0038563
10  4.3  0.00258847
10  4.5  0.00174895
10  4.7  0.00118859
10  4.9  0.000812654
10  5.1  0.000558654
10  5.3  0.000386103
10  5.5  0.000268203
10  5.7  0.000187334
10  5.9  0.000131251
10  6.1  9.24393e-05
10  6.3  6.5411e-05
10  6.5  4.6398e-05
10  6.7  3.30954e-05
10  6.9  2.36736e-05
10  7.1  1.69843e-05
10  7.3  1.22382e-05
10  7.5  8.84416e-06
10  7.7  6.40942e-06
10  7.9  4.65697e-06
10  8.1  3.39622e-06
10  8.3  2.48208e-06
10  8.5  1.81982e-06
10  8.7  1.33722e-06
10  8.9  9.85154e-07
10  9.1  7.27049e-07
10  9.3  5.38118e-07
10  9.5  3.99027e-07
10  9.7  2.96608e-07
10  9.9  2.20866e-07
10  10.1  1.64828e-07
10  10.3  1.23243e-07
10  10.5  9.23262e-08
10  10.7  6.92873e-08
10  10.9  5.20893e-08
10  11.1  3.92319e-08
10  11.3  2.95796e-08
10  11.5  2.23547e-08
10  11.7  1.69114e-08
10  11.9  1.28101e-08
12  0.1  46.9984
12  0.3  30.7183
12  0.5  19.1149
12  0.7  11.4758
12  0.9  6.78766
12  1.1  4.00598
12  1.3  2.37132
12  1.5  1.41185
12  1.7  0.84836
12  1.9  0.514224
12  2.1  0.314761
12  2.3  0.194497
12  2.5  0.121378
12  2.7  0.0764412
12  2.9  0.0485374
12  3.1  0.0311183
12  3.3  0.020114
12  3.5  0.0131135
12  3.7  0.00861571
12  3.9  0.00569855
12  4.1  0.00379827
12  4.3  0.00254894
12  4.5  0.00172188
12  4.7  0.00116998
12  4.9  0.000799756
12  5.1  0.000549734
12  5.3  0.000379886
12  5.5  0.000263839
12  5.7  0.000184265
12  5.9  0.000129084
12  6.1  9.09077e-05
12  6.3  6.43193e-05
12  6.5  4.56197e-05
12  6.7  3.25125e-05
12  6.9  2.32573e-05
12  7.1  1.66956e-05
12  7.3  1.20224e-05
12  7.5  8.69169e-06
12  7.7  6.29567e-06
12  7.9  4.57498e-06
12  8.1  3.33677e-06
12  8.3  2.43832e-06
12  8.5  1.78781e-06
12  8.7  1.31357e-06
12  8.9  9.67575e-07
12  9.1  7.14305e-07
12  9.3  5.28529e-07
12  9.5  3.91888e-07
12  9.7  2.91215e-07
12  9.9  2.16893e-07
12  10.1  1.61859e-07
12  10.3  1.21026e-07
12  10.5  9.06546e-08
12  10.7  6.80254e-08
12  10.9  5.11355e-08
12  11.1  3.85069e-08
12  11.3  2.90371e-08
12  11.5  2.19325e-08
12  11.7  1.65952e-08
12  11.9  1.25725e-08
14  0.1  46.4927
14  0.3  30.3848
14  0.5  18.9045
14  0.7  11.3463
14  0.9  6.71473
14  1.1  3.95732
14  1.3  2.34125
14  1.5  1.39323
14  1.7  0.83659
14  1.9  0.506798
14  2.1  0.31004
14  2.3  0.191476
14  2.5  0.119429
14  2.7  0.0751803
14  2.9  0.0477146
14  3.1  0.0305779
14  3.3  0.0197574
14  3.5  0.0128767
14  3.7  0.00845703
14  3.9  0.00559195
14  4.1  0.00372648
14  4.3  0.00250015
14  4.5  0.00168853
14  4.7  0.00114707
14  4.9  0.000783977
14  5.1  0.00053873
14  5.3  0.000372234
14  5.5  0.000258487
14  5.7  0.000180494
14  5.9  0.000126419
14  6.1  8.90871e-05
14  6.3  6.2972e-05
14  6.5  4.46586e-05
14  6.7  3.18241e-05
14  6.9  2.27618e-05
14  7.1  1.63379e-05
14  7.3  1.17641e-05
14  7.5  8.50409e-06
14  7.7  6.16206e-06
14  7.9  4.47533e-06
14  8.1  3.26375e-06
14  8.3  2.38482e-06
14  8.5  1.74842e-06
14  8.7  1.28454e-06
14  8.9  9.46119e-07
14  9.1  6.98321e-07
14  9.3  5.16727e-07
14  9.5  3.83107e-07
14  9.7  2.84675e-07
14  9.9  2.12013e-07
14  10.1  1.58207e-07
14  10.3  1.1829e-07
14  10.5  8.85991e-08
14  10.7  6.64797e-08
14  10.9  4.99811e-08
14  11.1  3.7627e-08
14  11.3  2.83736e-08
14  11.5  2.14297e-08
14  11.7  1.62141e-08
14  11.9  1.22831e-08
16  0.1  45.8675
16  0.3  29.9727
16  0.5  18.6452
16  0.7  11.1865
16  0.9  6.61787
16  1.1  3.89759
16  1.3  2.3042
16  1.5  1.37026
16  1.7  0.822117
16  1.9  0.497691
16  2.1  0.304246
16  2.3  0.187772
16  2.5  0.117043
16  2.7  0.073635
16  2.9  0.0467091
16  3.1  0.0299187
16  3.3  0.0193222
16  3.5  0.0125876
16  3.7  0.00826344
16  3.9  0.005462
16  4.1  0.00363884
16  4.3  0.00244053
16  4.5  0.00164778
16  4.7  0.00111907
16  4.9  0.000764643
16  5.1  0.000525347
16  5.3  0.000362884
16  5.5  0.000251935
16  5.7  0.000175907
16  5.9  0.000123186
16  6.1  8.6697e-05
16  6.3  6.13374e-05
16  6.5  4.34936e-05
16  6.7  3.09891e-05
16  6.9  2.21617e-05
16  7.1  1.59048e-05
16  7.3  1.14512e-05
16  7.5  8.2771e-06
16  7.7  5.99685e-06
16  7.9  4.35474e-06
16  8.1  3.17537e-06
16  8.3  2.32013e-06
16  8.5  1.70082e-06
16  8.7  1.24942e-06
16  8.9  9.20162e-07
16  9.1  6.79085e-07
16  9.3  5.02473e-07
16  9.5  3.72497e-07
16  9.7  2.7677e-07
16  9.9  2.0611e-07
16  10.1  1.5379e-07
16  10.3  1.14979e-07
16  10.5  8.61146e-08
16  10.7  6.46096e-08
16  10.9  4.85726e-08
16  11.1  3.65646e-08
16  11.3  2.75704e-08
16  11.5  2.08222e-08
16  11.7  1.57533e-08
16  11.9  1.19336e-08
18  0.1  45.0968
18  0.3  29.4523
18  0.5  18.3257
18  0.7  10.9897
18  0.9  6.49697
18  1.1  3.82424
18  1.3  2.25874
18  1.5  1.34206
18  1.7  0.804429
18  1.9  0.48656
18  2.1  0.297164
18  2.3  0.183241
18  2.5  0.114106
18  2.7  0.0717581
18  2.9  0.0454855
18  3.1  0.0291171
18  3.3  0.0187936
18  3.5  0.0122379
18  3.7  0.00802998
18  3.9  0.00530517
18  4.1  0.00353255
18  4.3  0.00236847
18  4.5  0.00159864
18  4.7  0.00108528
18  4.9  0.00074137
18  5.1  0.000509173
18  5.3  0.000351614
18  5.5  0.000244051
18  5.7  0.000170354
18  5.9  0.000119274
18  6.1  8.3928e-05
18  6.3  5.93654e-05
18  6.5  4.20872e-05
18  6.7  2.99817e-05
18  6.9  2.14375e-05
18  7.1  1.53809e-05
18  7.3  1.10734e-05
18  7.5  8.00249e-06
18  7.7  5.79446e-06
18  7.9  4.20925e-06
18  8.1  3.06873e-06
18  8.3  2.24212e-06
18  8.5  1.6434e-06
18  8.7  1.20724e-06
18  8.9  8.88874e-07
18  9.1  6.55778e-07
18  9.3  4.85292e-07
18  9.5  3.5971e-07
18  9.7  2.67243e-07
18  9.9  1.98997e-07
18  10.1  1.48469e-07
18  10.3  1.10991e-07
18  10.5  8.3119e-08
18  10.7  6.23568e-08
18  10.9  4.68759e-08
18  11.1  3.52835e-08
18  11.3  2.66103e-08
18  11.5  2.00891e-08
18  11.7  1.51979e-08
18  11.9  1.15122e-08
20  0.1  44.1419
20  0.3  28.8253
20  0.5  17.9296
20  0.7  10.7528
20  0.9  6.34797
20  1.1  3.73322
20  1.3  2.2026
20  1.5  1.30729
20  1.7  0.782666
20  1.9  0.472866
20  2.1  0.288469
20  2.3  0.177708
20  2.5  0.11055
20  2.7  0.0694593
20  2.9  0.0439926
20  3.1  0.0281399
20  3.3  0.0181497
20  3.5  0.0118109
20  3.7  0.00774512
20  3.9  0.00511432
20  4.1  0.00340378
20  4.3  0.00228094
20  4.5  0.00153883
20  4.7  0.0010443
20  4.9  0.000713135
20  5.1  0.000489582
20  5.3  0.000337977
20  5.5  0.000234506
20  5.7  0.000163647
20  5.9  0.000114546
20  6.1  8.05799e-05
20  6.3  5.69818e-05
20  6.5  4.03875e-05
20  6.7  2.87645e-05
20  6.9  2.05626e-05
20  7.1  1.4751e-05
20  7.3  1.06173e-05
20  7.5  7.67178e-06
20  7.7  5.5567e-06
20  7.9  4.03332e-06
20  8.1  2.94056e-06
20  8.3  2.14794e-06
20  8.5  1.57412e-06
20  8.7  1.15622e-06
20  8.9  8.51179e-07
20  9.1  6.27909e-07
20  9.3  4.64381e-07
20  9.5  3.44306e-07
20  9.7  2.55767e-07
20  9.9  1.90431e-07
20  10.1  1.42062e-07
20  10.3  1.06186e-07
20  10.5  7.95124e-08
20  10.7  5.96443e-08
20  10.9  4.48262e-08
20  11.1  3.37406e-08
20  11.3  2.54451e-08
20  11.5  1.92168e-08
20  11.7  1.45295e-08
20  11.9  1.10051e-08
22  0.1  42.9452
22  0.3  28.0384
22  0.5  17.4325
22  0.7  10.4464
22  0.9  6.16192
22  1.1  3.61884
22  1.3  2.13232
22  1.5  1.26386
22  1.7  0.755513
22  1.9  0.455839
22  2.1  0.277713
22  2.3  0.170851
22  2.5  0.106155
22  2.7  0.0666203
22  2.9  0.0421793
22  3.1  0.0269372
22  3.3  0.0173583
22  3.5  0.0112877
22  3.7  0.00739532
22  3.9  0.00488037
22  4.1  0.00324601
22  4.3  0.00217389
22  4.5  0.00146582
22  4.7  0.000994249
22  4.9  0.000678631
22  5.1  0.000465677
22  5.3  0.000321343
22  5.5  0.00022306
22  5.7  0.000155479
22  5.9  0.000108789
22  6.1  7.65046e-05
22  6.3  5.40821e-05
22  6.5  3.83213e-05
22  6.7  2.72846e-05
22  6.9  1.95002e-05
22  7.1  1.39847e-05
22  7.3  1.00635e-05
22  7.5  7.27025e-06
22  7.7  5.26455e-06
22  7.9  3.82361e-06
22  8.1  2.78401e-06
22  8.3  2.03403e-06
22  8.5  1.49e-06
22  8.7  1.09428e-06
22  8.9  8.0546e-07
22  9.1  5.94289e-07
22  9.3  4.39375e-07
22  9.5  3.25611e-07
22  9.7  2.4184e-07
22  9.9  1.80038e-07
22  10.1  1.34298e-07
22  10.3  1.0037e-07
22  10.5  7.51478e-08
22  10.7  5.63611e-08
22  10.9  4.23539e-08
22  11.1  3.18759e-08
22  11.3  2.40288e-08
22  11.5  1.81502e-08
22  11.7  1.37208e-08
22  11.9  1.03914e-08
24  0.1  41.4154
24  0.3  27.0385
24  0.5  16.7969
24  0.7  10.0556
24  0.9  5.92176
24  1.1  3.47327
24  1.3  2.04287
24  1.5  1.20874
24  1.7  0.721281
24  1.9  0.434355
24  2.1  0.26418
24  2.3  0.162253
24  2.5  0.100654
24  2.7  0.0630764
24  2.9  0.0398827
24  3.1  0.0254395
24  3.3  0.0163744
24  3.5  0.0106371
24  3.7  0.00696302
24  3.9  0.00459444
24  4.1  0.00305082
24  4.3  0.00204161
24  4.5  0.00137568
24  4.7  0.00093251
24  4.9  0.000636055
24  5.1  0.000436233
24  5.3  0.00030087
24  5.5  0.000208744
24  5.7  0.000145434
24  5.9  0.000101714
24  6.1  7.1496e-05
24  6.3  5.05225e-05
24  6.5  3.57851e-05
24  6.7  2.54691e-05
24  6.9  1.81988e-05
24  7.1  1.3046e-05
24  7.3  9.39099e-06
24  7.5  6.77769e-06
24  7.7  4.90643e-06
24  7.9  3.56217e-06
24  8.1  2.59323e-06
24  8.3  1.89416e-06
24  8.5  1.38707e-06
24  8.7  1.01853e-06
24  8.9  7.49566e-07
24  9.1  5.52915e-07
24  9.3  4.08754e-07
24  9.5  3.02837e-07
24  9.7  2.24876e-07
24  9.9  1.6738e-07
24  10.1  1.24823e-07
24  10.3  9.32693e-08
24  10.5  6.98186e-08
24  10.7  5.23533e-08
24  10.9  3.93378e-08
24  11.1  2.96005e-08
24  11.3  2.23094e-08
24  11.5  1.685e-08
24  11.7  1.27351e-08
24  11.9  9.6441e-09
26  0.1  39.4194
26  0.3  25.7225
26  0.5  15.9682
26  0.7  9.54656
26  0.9  5.60709
26  1.1  3.28424
26  1.3  1.92728
26  1.5  1.13766
26  1.7  0.677278
26  1.9  0.406839
26  2.1  0.246897
26  2.3  0.151315
26  2.5  0.093685
26  2.7  0.0585861
26  2.9  0.036979
26  3.1  0.0235498
26  3.3  0.0151406
26  3.5  0.00981936
26  3.7  0.00641794
26  3.9  0.00423136
26  4.1  0.00280663
26  4.3  0.0018763
26  4.5  0.00126315
26  4.7  0.000855503
26  4.9  0.000582995
26  5.1  0.000399596
26  5.3  0.000275417
26  5.5  0.00019081
26  5.7  0.000132965
26  5.9  9.294e-05
26  6.1  6.52881e-05
26  6.3  4.61112e-05
26  6.5  3.26444e-05
26  6.7  2.32226e-05
26  6.9  1.65854e-05
26  7.1  1.18845e-05
26  7.3  8.54857e-06
26  7.5  6.16927e-06
26  7.7  4.46444e-06
26  7.9  3.23757e-06
26  8.1  2.35776e-06
26  8.3  1.72165e-06
26  8.5  1.26036e-06
26  8.7  9.25169e-07
26  8.9  6.80663e-07
26  9.1  5.01935e-07
26  9.3  3.70975e-07
26  9.5  2.74766e-07
26  9.7  2.03975e-07
26  9.9  1.51782e-07
26  10.1  1.13162e-07
26  10.3  8.45343e-08
26  10.5  6.32717e-08
26  10.7  4.74238e-08
26  10.9  3.56317e-08
26  11.1  2.68039e-08
26  11.3  2.02063e-08
26  11.5  1.52502e-08
26  11.7  1.15235e-08
26  11.9  8.72625e-09
28  0.1  36.7839
28  0.3  23.986
28  0.5  14.8835
28  0.7  8.87509
28  0.9  5.20044
28  1.1  3.03688
28  1.3  1.7762
28  1.5  1.04515
28  1.7  0.620197
28  1.9  0.371347
28  2.1  0.224596
28  2.3  0.137291
28  2.5  0.0847649
28  2.7  0.0528738
28  2.9  0.033297
28  3.1  0.0211598
28  3.3  0.0135782
28  3.5  0.00879035
28  3.7  0.00573841
28  3.9  0.00377593
28  4.1  0.00250264
28  4.3  0.00166981
28  4.5  0.00112272
28  4.7  0.000759601
28  4.9  0.000517047
28  5.1  0.000354046
28  5.3  0.00024381
28  5.5  0.000168755
28  5.7  0.000117505
28  5.9  8.21343e-05
28  6.1  5.76074e-05
28  6.3  4.06581e-05
28  6.5  2.87883e-05
28  6.7  2.04493e-05
28  6.9  1.45916e-05
28  7.1  1.04528e-05
28  7.3  7.51295e-06
28  7.5  5.4198e-06
28  7.7  3.91719e-06
28  7.9  2.84343e-06
28  8.1  2.06842e-06
28  8.3  1.50946e-06
28  8.5  1.10501e-06
28  8.7  8.10491e-07
28  8.9  5.96107e-07
28  9.1  4.39461e-07
28  9.3  3.24532e-07
28  9.5  2.40391e-07
28  9.7  1.78368e-07
28  9.9  1.32679e-07
28  10.1  9.88922e-08
28  10.3  7.38484e-08
28  10.5  5.52474e-08
28  10.7  4.14149e-08
28  10.9  3.10977e-08
28  11.1  2.33823e-08
28  11.3  1.76184e-08
28  11.5  1.32995e-08
28  11.7  1.00464e-08
28  11.9  7.6049e-09
30  0.1  33.3157
30  0.3  21.6981
30  0.5  13.4449
30  0.7  7.99678
30  0.9  4.6693
30  1.1  2.71611
30  1.3  1.58085
30  1.5  0.926224
30  1.7  0.547173
30  1.9  0.326157
30  2.1  0.196459
30  2.3  0.119607
30  2.5  0.0735929
30  2.7  0.0457504
30  2.9  0.0287218
30  3.1  0.0182023
30  3.3  0.0116517
30  3.5  0.00752516
30  3.7  0.00490197
30  3.9  0.00321857
30  4.1  0.00212823
30  4.3  0.00141824
30  4.5  0.000952102
30  4.7  0.000643248
30  4.9  0.000437576
30  5.1  0.000298915
30  5.3  0.000205744
30  5.5  0.000142179
30  5.7  9.88055e-05
30  5.9  6.90299e-05
30  6.1  4.84069e-05
30  6.3  3.41187e-05
30  6.5  2.4144e-05
30  6.7  1.71382e-05
30  6.9  1.22322e-05
30  7.1  8.75758e-06
30  7.3  6.29081e-06
30  7.5  4.5344e-06
30  7.7  3.27633e-06
30  7.9  2.37762e-06
30  8.1  1.73e-06
30  8.3  1.26288e-06
30  8.5  9.24462e-07
30  8.7  6.78997e-07
30  8.9  4.9946e-07
30  9.1  3.68554e-07
30  9.3  2.72485e-07
30  9.5  2.02042e-07
30  9.7  1.50029e-07
30  9.9  1.11272e-07
30  10.1  8.27896e-08
30  10.3  6.18147e-08
30  10.5  4.61949e-08
30  10.7  3.45672e-08
30  10.9  2.59387e-08
30  11.1  1.95227e-08
30  11.3  1.47128e-08
30  11.5  1.11099e-08
30  11.7  8.41113e-09
30  11.9  6.38057e-09
32  0.1  28.9457
32  0.3  18.8331
32  0.5  11.6344
32  0.7  6.89907
32  0.9  4.00927
32  1.1  2.31956
32  1.3  1.3419
32  1.5  0.781428
32  1.7  0.458967
32  1.9  0.272122
32  2.1  0.163128
32  2.3  0.0988549
32  2.5  0.0605206
32  2.7  0.0375
32  2.9  0.0234509
32  3.1  0.0148322
32  3.3  0.00947064
32  3.5  0.00610058
32  3.7  0.00396852
32  3.9  0.00260236
32  4.1  0.00172045
32  4.3  0.00114685
32  4.5  0.00076951
32  4.7  0.000520124
32  4.9  0.000353783
32  5.1  0.000242251
32  5.3  0.000165789
32  5.5  0.000113918
32  5.7  7.87199e-05
32  5.9  5.4633e-05
32  6.1  3.80939e-05
32  6.3  2.6765e-05
32  6.5  1.89124e-05
32  6.7  1.34231e-05
32  6.9  9.56541e-06
32  7.1  6.83233e-06
32  7.3  4.90209e-06
32  7.5  3.52929e-06
32  7.7  2.54792e-06
32  7.9  1.84484e-06
32  8.1  1.34082e-06
32  8.3  9.77153e-07
32  8.5  7.14041e-07
32  8.7  5.23458e-07
32  8.9  3.84073e-07
32  9.1  2.82794e-07
32  9.3  2.08848e-07
32  9.5  1.54309e-07
32  9.7  1.14499e-07
32  9.9  8.51041e-08
32  10.1  6.33451e-08
32  10.3  4.72159e-08
32  10.5  3.53044e-08
32  10.7  2.64383e-08
32  10.9  1.98646e-08
32  11.1  1.49503e-08
32  11.3  1.12654e-08
32  11.5  8.50888e-09
32  11.7  6.4317e-09
32  11.9  4.87169e-09
