# fragmentation : LHAPDF (data/prompt-D0-1-109/prompt-D0-1-109_0049.dat, member 0, Q=1.5)
# channel       : An0n
#   dipole file dir       : data/Pb/mve/glauber_mve_<b>
#   pD0 loop             : 0.1 to 12.0 GeV, step 0.2
#   fixed rapidity y      : -1.0
# ============================================================
# b  pD0  dsigma_dyd2pD0
0  0.1  776.227
0  0.3  599.881
0  0.5  454.696
0  0.7  338.262
0  0.9  249.407
0  1.1  183.424
0  1.3  134.813
0  1.5  99.3523
0  1.7  73.5509
0  1.9  54.8069
0  2.1  41.1416
0  2.3  31.1457
0  2.5  23.7922
0  2.7  18.3388
0  2.9  14.2647
0  3.1  11.1988
0  3.3  8.86859
0  3.5  7.08238
0  3.7  5.69996
0  3.9  4.62483
0  4.1  3.77954
0  4.3  3.10978
0  4.5  2.57615
0  4.7  2.14628
0  4.9  1.79928
0  5.1  1.51624
0  5.3  1.28444
0  5.5  1.09311
0  5.7  0.935168
0  5.9  0.803284
0  6.1  0.692893
0  6.3  0.600041
0  6.5  0.52115
0  6.7  0.454691
0  6.9  0.397809
0  7.1  0.34916
0  7.3  0.307501
0  7.5  0.271591
0  7.7  0.24054
0  7.9  0.213557
0  8.1  0.190103
0  8.3  0.16959
0  8.5  0.151641
0  8.7  0.135874
0  8.9  0.122062
0  9.1  0.109885
0  9.3  0.0991258
0  9.5  0.0895764
0  9.7  0.081064
0  9.9  0.0735005
0  10.1  0.0667748
0  10.3  0.0607233
0  10.5  0.0553089
0  10.7  0.0504593
0  10.9  0.0461483
0  11.1  0.0422597
0  11.3  0.0387394
0  11.5  0.0355523
0  11.7  0.032677
0  11.9  0.0300764
2  0.1  775.376
2  0.3  599.227
2  0.5  454.194
2  0.7  337.879
2  0.9  249.112
2  1.1  183.191
2  1.3  134.636
2  1.5  99.2138
2  1.7  73.4446
2  1.9  54.7248
2  2.1  41.0775
2  2.3  31.0956
2  2.5  23.7533
2  2.7  18.3085
2  2.9  14.2407
2  3.1  11.1799
2  3.3  8.85341
2  3.5  7.07013
2  3.7  5.69004
2  3.9  4.61678
2  4.1  3.77286
2  4.3  3.1043
2  4.5  2.57162
2  4.7  2.14246
2  4.9  1.79608
2  5.1  1.51352
2  5.3  1.28222
2  5.5  1.09118
2  5.7  0.933478
2  5.9  0.801821
2  6.1  0.691634
2  6.3  0.598957
2  6.5  0.520209
2  6.7  0.453864
2  6.9  0.397096
2  7.1  0.348507
2  7.3  0.306964
2  7.5  0.271103
2  7.7  0.240086
2  7.9  0.213186
2  8.1  0.189768
2  8.3  0.16928
2  8.5  0.151338
2  8.7  0.135606
2  8.9  0.121837
2  9.1  0.109679
2  9.3  0.0989408
2  9.5  0.0894084
2  9.7  0.0809399
2  9.9  0.073393
2  10.1  0.0666367
2  10.3  0.0606259
2  10.5  0.0552029
2  10.7  0.0503797
2  10.9  0.0460631
2  11.1  0.0421786
2  11.3  0.0386659
2  11.5  0.0354769
2  11.7  0.0326149
2  11.9  0.0300185
4  0.1  772.838
4  0.3  597.261
4  0.5  452.688
4  0.7  336.72
4  0.9  248.227
4  1.1  182.461
4  1.3  134.106
4  1.5  98.796
4  1.7  73.1239
4  1.9  54.4746
4  2.1  40.8827
4  2.3  30.9494
4  2.5  23.6361
4  2.7  18.2171
4  2.9  14.1684
4  3.1  11.1223
4  3.3  8.80772
4  3.5  7.03211
4  3.7  5.66005
4  3.9  4.59199
4  4.1  3.75296
4  4.3  3.08751
4  4.5  2.55805
4  4.7  2.13082
4  4.9  1.78617
4  5.1  1.50604
4  5.3  1.275
4  5.5  1.08556
4  5.7  0.92779
4  5.9  0.797091
4  6.1  0.687715
4  6.3  0.595652
4  6.5  0.51742
4  6.7  0.451364
4  6.9  0.394892
4  7.1  0.346602
4  7.3  0.305279
4  7.5  0.269614
4  7.7  0.238749
4  7.9  0.211993
4  8.1  0.188687
4  8.3  0.168354
4  8.5  0.150515
4  8.7  0.134866
4  8.9  0.121165
4  9.1  0.109069
4  9.3  0.0983829
4  9.5  0.0889086
4  9.7  0.0804607
4  9.9  0.0729764
4  10.1  0.0662781
4  10.3  0.0602763
4  10.5  0.0549098
4  10.7  0.0501075
4  10.9  0.0458135
4  11.1  0.0419404
4  11.3  0.0384464
4  11.5  0.0352848
4  11.7  0.032431
4  11.9  0.0298493
6  0.1  768.585
6  0.3  593.978
6  0.5  450.146
6  0.7  334.769
6  0.9  246.71
6  1.1  181.26
6  1.3  133.201
6  1.5  98.0945
6  1.7  72.5792
6  1.9  54.0609
6  2.1  40.5682
6  2.3  30.6958
6  2.5  23.4404
6  2.7  18.0633
6  2.9  14.0469
6  3.1  11.0259
6  3.3  8.73045
6  3.5  6.97044
6  3.7  5.6098
6  3.9  4.55134
6  4.1  3.71899
6  4.3  3.05994
6  4.5  2.53462
6  4.7  2.11161
6  4.9  1.7701
6  5.1  1.49167
6  5.3  1.26367
6  5.5  1.07532
6  5.7  0.919839
6  5.9  0.7901
6  6.1  0.681525
6  6.3  0.590141
6  6.5  0.512571
6  6.7  0.447173
6  6.9  0.391254
6  7.1  0.343366
6  7.3  0.302403
6  7.5  0.267082
6  7.7  0.236525
6  7.9  0.210016
6  8.1  0.1868
6  8.3  0.166673
6  8.5  0.149096
6  8.7  0.133584
6  8.9  0.120017
6  9.1  0.108042
6  9.3  0.0974549
6  9.5  0.0880731
6  9.7  0.0797233
6  9.9  0.0722827
6  10.1  0.0656333
6  10.3  0.0597084
6  10.5  0.0543866
6  10.7  0.0496225
6  10.9  0.0453763
6  11.1  0.0415349
6  11.3  0.0380803
6  11.5  0.0349555
6  11.7  0.0321301
6  11.9  0.0295647
8  0.1  762.405
8  0.3  589.266
8  0.5  446.508
8  0.7  331.977
8  0.9  244.562
8  1.1  179.587
8  1.3  131.907
8  1.5  97.0956
8  1.7  71.807
8  1.9  53.466
8  2.1  40.1043
8  2.3  30.3368
8  2.5  23.1608
8  2.7  17.8461
8  2.9  13.8742
8  3.1  10.8886
8  3.3  8.62111
8  3.5  6.88167
8  3.7  5.5385
8  3.9  4.49277
8  4.1  3.67134
8  4.3  3.02052
8  4.5  2.50169
8  4.7  2.08418
8  4.9  1.74698
8  5.1  1.47202
8  5.3  1.24678
8  5.5  1.06129
8  5.7  0.907589
8  5.9  0.779499
8  6.1  0.672448
8  6.3  0.582336
8  6.5  0.506078
8  6.7  0.44129
8  6.9  0.385982
8  7.1  0.33877
8  7.3  0.298334
8  7.5  0.263481
8  7.7  0.233355
8  7.9  0.207172
8  8.1  0.184386
8  8.3  0.164435
8  8.5  0.147074
8  8.7  0.131763
8  8.9  0.11842
8  9.1  0.106622
8  9.3  0.0961321
8  9.5  0.0868777
8  9.7  0.0786223
8  9.9  0.0713055
8  10.1  0.0647571
8  10.3  0.0588881
8  10.5  0.0536389
8  10.7  0.0489531
8  10.9  0.0447596
8  11.1  0.0409792
8  11.3  0.0375625
8  11.5  0.0344699
8  11.7  0.0316776
8  11.9  0.0291537
10  0.1  754.427
10  0.3  582.998
10  0.5  441.683
10  0.7  328.284
10  0.9  241.768
10  1.1  177.384
10  1.3  130.196
10  1.5  95.7769
10  1.7  70.7893
10  1.9  52.6761
10  2.1  39.4991
10  2.3  29.8681
10  2.5  22.7945
10  2.7  17.5594
10  2.9  13.6474
10  3.1  10.7088
10  3.3  8.47726
10  3.5  6.76774
10  3.7  5.44481
10  3.9  4.41669
10  4.1  3.60843
10  4.3  2.96866
10  4.5  2.4587
10  4.7  2.04803
10  4.9  1.71674
10  5.1  1.44652
10  5.3  1.22549
10  5.5  1.04253
10  5.7  0.891676
10  5.9  0.765921
10  6.1  0.660715
10  6.3  0.572073
10  6.5  0.496801
10  6.7  0.433417
10  6.9  0.379149
10  7.1  0.33276
10  7.3  0.29307
10  7.5  0.258818
10  7.7  0.229199
10  7.9  0.203489
10  8.1  0.181
10  8.3  0.161491
10  8.5  0.144422
10  8.7  0.12943
10  8.9  0.116275
10  9.1  0.104667
10  9.3  0.0944029
10  9.5  0.0853091
10  9.7  0.0772274
10  9.9  0.0699926
10  10.1  0.0635494
10  10.3  0.0578198
10  10.5  0.0526771
10  10.7  0.0480548
10  10.9  0.043948
10  11.1  0.0402314
10  11.3  0.036873
10  11.5  0.0338516
10  11.7  0.0311106
10  11.9  0.0286199
12  0.1  744.387
12  0.3  575.048
12  0.5  435.559
12  0.7  323.617
12  0.9  238.155
12  1.1  174.625
12  1.3  128.048
12  1.5  94.1084
12  1.7  69.5216
12  1.9  51.6862
12  2.1  38.7336
12  2.3  29.2786
12  2.5  22.3336
12  2.7  17.1964
12  2.9  13.3628
12  3.1  10.4829
12  3.3  8.29696
12  3.5  6.62222
12  3.7  5.32734
12  3.9  4.32074
12  4.1  3.5299
12  4.3  2.90386
12  4.5  2.40398
12  4.7  2.00289
12  4.9  1.67868
12  5.1  1.41442
12  5.3  1.19819
12  5.5  1.01981
12  5.7  0.87177
12  5.9  0.748776
12  6.1  0.64583
12  6.3  0.559184
12  6.5  0.485699
12  6.7  0.423636
12  6.9  0.370552
12  7.1  0.32525
12  7.3  0.286421
12  7.5  0.252916
12  7.7  0.223962
12  7.9  0.198755
12  8.1  0.176931
12  8.3  0.15783
12  8.5  0.141149
12  8.7  0.12646
12  8.9  0.113603
12  9.1  0.102265
12  9.3  0.0922303
12  9.5  0.0833497
12  9.7  0.0754606
12  9.9  0.0683991
12  10.1  0.062117
12  10.3  0.0564859
12  10.5  0.051464
12  10.7  0.0469499
12  10.9  0.0429226
12  11.1  0.0393038
12  11.3  0.0360242
12  11.5  0.0330585
12  11.7  0.0303885
12  11.9  0.0279545
14  0.1  731.652
14  0.3  565.153
14  0.5  428.177
14  0.7  317.821
14  0.9  233.688
14  1.1  171.197
14  1.3  125.385
14  1.5  92.0501
14  1.7  67.9283
14  1.9  50.4752
14  2.1  37.7965
14  2.3  28.5494
14  2.5  21.769
14  2.7  16.7559
14  2.9  13.0146
14  3.1  10.207
14  3.3  8.07618
14  3.5  6.44506
14  3.7  5.18334
14  3.9  4.20357
14  4.1  3.43525
14  4.3  2.82429
14  4.5  2.33788
14  4.7  1.94768
14  4.9  1.63219
14  5.1  1.37548
14  5.3  1.16498
14  5.5  0.991499
14  5.7  0.84744
14  5.9  0.727851
14  6.1  0.627734
14  6.3  0.543502
14  6.5  0.471985
14  6.7  0.41171
14  6.9  0.36016
14  7.1  0.316049
14  7.3  0.27827
14  7.5  0.245693
14  7.7  0.217597
14  7.9  0.193141
14  8.1  0.171906
14  8.3  0.153335
14  8.5  0.137138
14  8.7  0.122866
14  8.9  0.110348
14  9.1  0.0993085
14  9.3  0.0895911
14  9.5  0.0809712
14  9.7  0.0732948
14  9.9  0.0664423
14  10.1  0.0603366
14  10.3  0.0548498
14  10.5  0.0499935
14  10.7  0.0455856
14  10.9  0.0416775
14  11.1  0.0381635
14  11.3  0.0349665
14  11.5  0.0321031
14  11.7  0.0294992
14  11.9  0.0271449
16  0.1  716.017
16  0.3  553.1
16  0.5  418.734
16  0.7  310.96
16  0.9  228.233
16  1.1  166.975
16  1.3  122.127
16  1.5  89.5486
16  1.7  66
16  1.9  49.0051
16  2.1  36.662
16  2.3  27.674
16  2.5  21.0863
16  2.7  16.2221
16  2.9  12.5951
16  3.1  9.87409
16  3.3  7.81016
16  3.5  6.23185
16  3.7  5.01069
16  3.9  4.06275
16  4.1  3.3195
16  4.3  2.72976
16  4.5  2.25853
16  4.7  1.88131
16  4.9  1.57641
16  5.1  1.32802
16  5.3  1.1246
16  5.5  0.95737
16  5.7  0.818207
16  5.9  0.702658
16  6.1  0.605977
16  6.3  0.524591
16  6.5  0.455607
16  6.7  0.397309
16  6.9  0.347511
16  7.1  0.30495
16  7.3  0.268507
16  7.5  0.237134
16  7.7  0.209977
16  7.9  0.186283
16  8.1  0.165774
16  8.3  0.147924
16  8.5  0.132295
16  8.7  0.118485
16  8.9  0.106438
16  9.1  0.0958134
16  9.3  0.0864183
16  9.5  0.0780566
16  9.7  0.0706655
16  9.9  0.0640713
16  10.1  0.058182
16  10.3  0.0529052
16  10.5  0.0482088
16  10.7  0.0439726
16  10.9  0.0401941
16  11.1  0.0367883
16  11.3  0.0337436
16  11.5  0.0309553
16  11.7  0.0284603
16  11.9  0.0261637
18  0.1  696.874
18  0.3  538.292
18  0.5  407.422
18  0.7  302.283
18  0.9  221.592
18  1.1  161.868
18  1.3  118.208
18  1.5  86.5451
18  1.7  63.6927
18  1.9  47.2335
18  2.1  35.3019
18  2.3  26.6209
18  2.5  20.2686
18  2.7  15.5843
18  2.9  12.0927
18  3.1  9.47677
18  3.3  7.49364
18  3.5  5.97521
18  3.7  4.80396
18  3.9  3.8943
18  4.1  3.18136
18  4.3  2.61548
18  4.5  2.16366
18  4.7  1.80188
18  4.9  1.50985
18  5.1  1.27172
18  5.3  1.0767
18  5.5  0.91599
18  5.7  0.78326
18  5.9  0.672577
18  6.1  0.579975
18  6.3  0.502021
18  6.5  0.436176
18  6.7  0.380201
18  6.9  0.332494
18  7.1  0.291819
18  7.3  0.256911
18  7.5  0.226826
18  7.7  0.20074
18  7.9  0.178249
18  8.1  0.158617
18  8.3  0.141471
18  8.5  0.126445
18  8.7  0.113316
18  8.9  0.101782
18  9.1  0.0916105
18  9.3  0.082616
18  9.5  0.0746471
18  9.7  0.0675644
18  9.9  0.0612577
18  10.1  0.0556012
18  10.3  0.0505671
18  10.5  0.0460521
18  10.7  0.042034
18  10.9  0.0384119
18  11.1  0.0351664
18  11.3  0.0322516
18  11.5  0.0295914
18  11.7  0.0271762
18  11.9  0.0250068
20  0.1  673.883
20  0.3  520.273
20  0.5  393.598
20  0.7  291.577
20  0.9  213.506
20  1.1  155.661
20  1.3  113.419
20  1.5  82.8961
20  1.7  60.9153
20  1.9  45.0977
20  2.1  33.6552
20  2.3  25.3539
20  2.5  19.2922
20  2.7  14.8187
20  2.9  11.4925
20  3.1  9.00048
20  3.3  7.11268
20  3.5  5.67114
20  3.7  4.55693
20  3.9  3.69331
20  4.1  3.01648
20  4.3  2.47835
20  4.5  2.05042
20  4.7  1.70724
20  4.9  1.43032
20  5.1  1.20459
20  5.3  1.01973
20  5.5  0.867438
20  5.7  0.741584
20  5.9  0.636721
20  6.1  0.548975
20  6.3  0.475169
20  6.5  0.412795
20  6.7  0.359831
20  6.9  0.314658
20  7.1  0.27601
20  7.3  0.242921
20  7.5  0.214576
20  7.7  0.189977
20  7.9  0.168591
20  8.1  0.150011
20  8.3  0.133765
20  8.5  0.119573
20  8.7  0.10707
20  8.9  0.0962467
20  9.1  0.0866424
20  9.3  0.0781086
20  9.5  0.0705318
20  9.7  0.0638626
20  9.9  0.0579182
20  10.1  0.0525892
20  10.3  0.0478284
20  10.5  0.0435444
20  10.7  0.0397059
20  10.9  0.0362896
20  11.1  0.0332398
20  11.3  0.0304664
20  11.5  0.0279596
20  11.7  0.0256822
20  11.9  0.02362
22  0.1  645.65
22  0.3  498.049
22  0.5  376.673
22  0.7  278.77
22  0.9  203.637
22  1.1  148.194
22  1.3  107.769
22  1.5  78.6143
22  1.7  57.7399
22  1.9  42.66
22  2.1  31.8805
22  2.3  24.0403
22  2.5  18.3158
22  2.7  14.0922
22  2.9  10.9799
22  3.1  8.6393
22  3.3  6.86501
22  3.5  5.52153
22  3.7  4.46947
22  3.9  3.58511
22  4.1  2.89017
22  4.3  2.34525
22  4.5  1.91856
22  4.7  1.59418
22  4.9  1.33536
22  5.1  1.12441
22  5.3  0.952255
22  5.5  0.80987
22  5.7  0.691902
22  5.9  0.593918
22  6.1  0.512027
22  6.3  0.443102
22  6.5  0.384701
22  6.7  0.33539
22  6.9  0.293279
22  7.1  0.25724
22  7.3  0.226475
22  7.5  0.199967
22  7.7  0.176955
22  7.9  0.157012
22  8.1  0.139698
22  8.3  0.124678
22  8.5  0.111427
22  8.7  0.0997995
22  8.9  0.0896162
22  9.1  0.0806637
22  9.3  0.0727204
22  9.5  0.0656905
22  9.7  0.0594263
22  9.9  0.053892
22  10.1  0.0489204
22  10.3  0.044484
22  10.5  0.0405237
22  10.7  0.0369579
22  10.9  0.0337824
22  11.1  0.0309091
22  11.3  0.028349
22  11.5  0.0260062
22  11.7  0.0238876
22  11.9  0.0219799
24  0.1  609.283
24  0.3  469.956
24  0.5  355.136
24  0.7  262.226
24  0.9  191.121
24  1.1  138.587
24  1.3  100.426
24  1.5  73.0037
24  1.7  53.3855
24  1.9  39.3514
24  2.1  29.2692
24  2.3  21.9845
24  2.5  16.6838
24  2.7  12.7888
24  2.9  9.89889
24  3.1  7.74223
24  3.3  6.11075
24  3.5  4.8657
24  3.7  3.90649
24  3.9  3.16336
24  4.1  2.5802
24  4.3  2.11938
24  4.5  1.75233
24  4.7  1.45832
24  4.9  1.22123
24  5.1  1.02789
24  5.3  0.869812
24  5.5  0.740072
24  5.7  0.632172
24  5.9  0.542506
24  6.1  0.467644
24  6.3  0.404602
24  6.5  0.351203
24  6.7  0.306148
24  6.9  0.267679
24  7.1  0.23474
24  7.3  0.206608
24  7.5  0.182323
24  7.7  0.161458
24  7.9  0.143187
24  8.1  0.12738
24  8.3  0.113657
24  8.5  0.101572
24  8.7  0.0909543
24  8.9  0.0816622
24  9.1  0.0735087
24  9.3  0.0662615
24  9.5  0.0598627
24  9.7  0.0541655
24  9.9  0.0490997
24  10.1  0.0445481
24  10.3  0.0405123
24  10.5  0.0369088
24  10.7  0.0336571
24  10.9  0.030753
24  11.1  0.0281625
24  11.3  0.0257936
24  11.5  0.0236721
24  11.7  0.0217521
24  11.9  0.0199989
26  0.1  563.519
26  0.3  434.723
26  0.5  328.047
26  0.7  241.778
26  0.9  175.477
26  1.1  126.752
26  1.3  91.4735
26  1.5  66.2362
26  1.7  48.2691
26  1.9  35.4785
26  2.1  26.3231
26  2.3  19.7273
26  2.5  14.9415
26  2.7  11.4378
26  2.9  8.84341
26  3.1  6.907
26  3.3  5.44675
26  3.5  4.33515
26  3.7  3.47688
26  3.9  2.81395
26  4.1  2.29368
26  4.3  1.8831
26  4.5  1.55649
26  4.7  1.29452
26  4.9  1.08422
26  5.1  0.912374
26  5.3  0.771974
26  5.5  0.656122
26  5.7  0.560246
26  5.9  0.480603
26  6.1  0.4142
26  6.3  0.358185
26  6.5  0.31103
26  6.7  0.270958
26  6.9  0.23688
26  7.1  0.207657
26  7.3  0.182619
26  7.5  0.161315
26  7.7  0.142711
26  7.9  0.126612
26  8.1  0.112609
26  8.3  0.100416
26  8.5  0.0897401
26  8.7  0.0803579
26  8.9  0.0721431
26  9.1  0.0649042
26  9.3  0.0585052
26  9.5  0.0528373
26  9.7  0.0478117
26  9.9  0.0433286
26  10.1  0.0393146
26  10.3  0.0357627
26  10.5  0.0325662
26  10.7  0.0296829
26  10.9  0.0271212
26  11.1  0.0248359
26  11.3  0.022746
26  11.5  0.0208771
26  11.7  0.01918
26  11.9  0.0176321
28  0.1  505.079
28  0.3  389.36
28  0.5  293.519
28  0.7  215.484
28  0.9  155.772
28  1.1  111.895
28  1.3  80.3348
28  1.5  57.8823
28  1.7  41.999
28  1.9  30.7521
28  2.1  22.7355
28  2.3  16.9935
28  2.5  12.8407
28  2.7  9.81058
28  2.9  7.57317
28  3.1  5.908
28  3.3  4.65221
28  3.5  3.69807
28  3.7  2.96312
28  3.9  2.39611
28  4.1  1.95182
28  4.3  1.60131
28  4.5  1.32257
28  4.7  1.09943
28  4.9  0.920372
28  5.1  0.774254
28  5.3  0.65448
28  5.5  0.556162
28  5.7  0.474626
28  5.9  0.407128
28  6.1  0.350613
28  6.3  0.303198
28  6.5  0.263138
28  6.7  0.229195
28  6.9  0.200259
28  7.1  0.175526
28  7.3  0.154336
28  7.5  0.136247
28  7.7  0.120499
28  7.9  0.10686
28  8.1  0.0950867
28  8.3  0.0847478
28  8.5  0.0756625
28  8.7  0.0677669
28  8.9  0.0608359
28  9.1  0.0547304
28  9.3  0.0493362
28  9.5  0.0445432
28  9.7  0.0402841
28  9.9  0.0365087
28  10.1  0.0331352
28  10.3  0.0301268
28  10.5  0.0274091
28  10.7  0.024984
28  10.9  0.0228373
28  11.1  0.0208919
28  11.3  0.019155
28  11.5  0.0175669
28  11.7  0.0161431
28  11.9  0.0148282
30  0.1  432.049
30  0.3  333.034
30  0.5  250.713
30  0.7  183.102
30  0.9  131.529
30  1.1  93.8021
30  1.3  66.8914
30  1.5  47.8791
30  1.7  34.5446
30  1.9  25.1752
30  2.1  18.5326
30  2.3  13.804
30  2.5  10.4015
30  2.7  7.9255
30  2.9  6.10399
30  3.1  4.75235
30  3.3  3.73644
30  3.5  2.96542
30  3.7  2.37291
30  3.9  1.91643
30  4.1  1.56076
30  4.3  1.27827
30  4.5  1.05529
30  4.7  0.876583
30  4.9  0.732299
30  5.1  0.615886
30  5.3  0.520397
30  5.5  0.441983
30  5.7  0.376937
30  5.9  0.32311
30  6.1  0.278152
30  6.3  0.240363
30  6.5  0.208498
30  6.7  0.181531
30  6.9  0.158552
30  7.1  0.138855
30  7.3  0.122083
30  7.5  0.107692
30  7.7  0.0952615
30  7.9  0.0844491
30  8.1  0.0751095
30  8.3  0.066866
30  8.5  0.0597375
30  8.7  0.0534687
30  8.9  0.0479947
30  9.1  0.0431604
30  9.3  0.0388913
30  9.5  0.0350842
30  9.7  0.0317539
30  9.9  0.0287665
30  10.1  0.0260955
30  10.3  0.0237107
30  10.5  0.0215675
30  10.7  0.0196719
30  10.9  0.0179767
30  11.1  0.0164326
30  11.3  0.0150554
30  11.5  0.0138146
30  11.7  0.012692
30  11.9  0.0116558
32  0.1  347.085
32  0.3  267.311
32  0.5  200.563
32  0.7  145.68
32  0.9  103.769
32  1.1  73.3427
32  1.3  51.8452
32  1.5  36.8242
32  1.7  26.3822
32  1.9  19.1043
32  2.1  13.9922
32  2.3  10.3749
32  2.5  7.78718
32  2.7  5.9134
32  2.9  4.54109
32  3.1  3.52728
32  3.3  2.76808
32  3.5  2.19271
32  3.7  1.75172
32  3.9  1.41296
32  4.1  1.1477
32  4.3  0.939573
32  4.5  0.773878
32  4.7  0.641801
32  4.9  0.535531
32  5.1  0.450304
32  5.3  0.379827
32  5.5  0.322266
32  5.7  0.274558
32  5.9  0.235249
32  6.1  0.202367
32  6.3  0.174951
32  6.5  0.151671
32  6.7  0.131838
32  6.9  0.115045
32  7.1  0.100659
32  7.3  0.0885422
32  7.5  0.0781066
32  7.7  0.0689683
32  7.9  0.0612001
32  8.1  0.0543286
32  8.3  0.0484121
32  8.5  0.0432179
32  8.7  0.0386361
32  8.9  0.0346989
32  9.1  0.031152
32  9.3  0.0280736
32  9.5  0.0253611
32  9.7  0.0229114
32  9.9  0.0207744
32  10.1  0.0188326
32  10.3  0.0171024
32  10.5  0.0155643
32  10.7  0.0141908
32  10.9  0.0129705
32  11.1  0.0118553
32  11.3  0.0108669
32  11.5  0.00995646
32  11.7  0.00914433
32  11.9  0.00841896
