# fragmentation : LHAPDF (data/prompt-D0-1-109/prompt-D0-1-109_0007.dat, member 0, Q=1.5)
# channel       : An0n
#   dipole file dir       : data/Pb/mve/glauber_mve_<b>
#   pD0 loop             : 0.1 to 12.0 GeV, step 0.2
#   fixed rapidity y      : 0.5
# ============================================================
# b  pD0  dsigma_dyd2pD0
0  0.1  755.115
0  0.3  579.05
0  0.5  432.124
0  0.7  315.73
0  0.9  228.922
0  1.1  165.886
0  1.3  120.442
0  1.5  87.9119
0  1.7  64.6184
0  1.9  47.8482
0  2.1  35.7206
0  2.3  26.9071
0  2.5  20.4363
0  2.7  15.6641
0  2.9  12.1095
0  3.1  9.44156
0  3.3  7.42153
0  3.5  5.87982
0  3.7  4.69244
0  3.9  3.77185
0  4.1  3.05208
0  4.3  2.48604
0  4.5  2.0384
0  4.7  1.68059
0  4.9  1.39293
0  5.1  1.15967
0  5.3  0.971101
0  5.5  0.817496
0  5.7  0.690823
0  5.9  0.586193
0  6.1  0.499002
0  6.3  0.427005
0  6.5  0.366513
0  6.7  0.315727
0  6.9  0.272846
0  7.1  0.236541
0  7.3  0.205656
0  7.5  0.17931
0  7.7  0.156728
0  7.9  0.137368
0  8.1  0.120762
0  8.3  0.106412
0  8.5  0.093979
0  8.7  0.0831859
0  8.9  0.0737854
0  9.1  0.0655672
0  9.3  0.0583898
0  9.5  0.0520869
0  9.7  0.0465529
0  9.9  0.0416952
0  10.1  0.0374086
0  10.3  0.0336168
0  10.5  0.0302572
0  10.7  0.0272763
0  10.9  0.0246251
0  11.1  0.0222621
0  11.3  0.0201518
0  11.5  0.0182679
0  11.7  0.0165788
0  11.9  0.0150661
2  0.1  754.414
2  0.3  578.506
2  0.5  431.714
2  0.7  315.423
2  0.9  228.689
2  1.1  165.709
2  1.3  120.307
2  1.5  87.8084
2  1.7  64.5387
2  1.9  47.787
2  2.1  35.6733
2  2.3  26.8703
2  2.5  20.4077
2  2.7  15.6417
2  2.9  12.0919
2  3.1  9.42759
2  3.3  7.41043
2  3.5  5.8708
2  3.7  4.68521
2  3.9  3.76598
2  4.1  3.04727
2  4.3  2.48209
2  4.5  2.03516
2  4.7  1.6779
2  4.9  1.39069
2  5.1  1.1578
2  5.3  0.969531
2  5.5  0.81617
2  5.7  0.6897
2  5.9  0.585228
2  6.1  0.498179
2  6.3  0.426308
2  6.5  0.365918
2  6.7  0.315202
2  6.9  0.272388
2  7.1  0.236146
2  7.3  0.205312
2  7.5  0.179008
2  7.7  0.156468
2  7.9  0.137138
2  8.1  0.120562
2  8.3  0.106234
2  8.5  0.0938214
2  8.7  0.0830427
2  8.9  0.0736605
2  9.1  0.0654599
2  9.3  0.0582914
2  9.5  0.0519973
2  9.7  0.0464719
2  9.9  0.0416234
2  10.1  0.0373446
2  10.3  0.0335582
2  10.5  0.030204
2  10.7  0.0272269
2  10.9  0.0245815
2  11.1  0.0222245
2  11.3  0.0201187
2  11.5  0.0182383
2  11.7  0.016552
2  11.9  0.0150419
4  0.1  752.702
4  0.3  577.137
4  0.5  430.754
4  0.7  314.771
4  0.9  228.239
4  1.1  165.39
4  1.3  120.134
4  1.5  87.7497
4  1.7  64.5211
4  1.9  47.7943
4  2.1  35.7072
4  2.3  26.9395
4  2.5  20.4915
4  2.7  15.6661
4  2.9  12.0772
4  3.1  9.3895
4  3.3  7.37696
4  3.5  5.84399
4  3.7  4.66345
4  3.9  3.74839
4  4.1  3.03296
4  4.3  2.47033
4  4.5  2.02543
4  4.7  1.66986
4  4.9  1.38398
4  5.1  1.15218
4  5.3  0.96479
4  5.5  0.812165
4  5.7  0.686288
4  5.9  0.582337
4  6.1  0.495703
4  6.3  0.424181
4  6.5  0.364083
4  6.7  0.313625
4  6.9  0.271024
4  7.1  0.234953
4  7.3  0.204267
4  7.5  0.178107
4  7.7  0.155673
4  7.9  0.136441
4  8.1  0.119952
4  8.3  0.105693
4  8.5  0.0933361
4  8.7  0.0826148
4  8.9  0.0732807
4  9.1  0.065125
4  9.3  0.0579856
4  9.5  0.0517261
4  9.7  0.0462301
4  9.9  0.0414092
4  10.1  0.0371517
4  10.3  0.0333869
4  10.5  0.0300493
4  10.7  0.0270833
4  10.9  0.0244459
4  11.1  0.0220999
4  11.3  0.0200083
4  11.5  0.0181412
4  11.7  0.0164658
4  11.9  0.0149635
6  0.1  748.717
6  0.3  574.081
6  0.5  428.392
6  0.7  312.935
6  0.9  226.812
6  1.1  164.271
6  1.3  119.208
6  1.5  86.97
6  1.7  63.8937
6  1.9  47.2909
6  2.1  35.2908
6  2.3  26.5727
6  2.5  20.1765
6  2.7  15.4598
6  2.9  11.949
6  3.1  9.31451
6  3.3  7.32037
6  3.5  5.79854
6  3.7  4.62684
6  3.9  3.71866
6  4.1  3.00865
6  4.3  2.4504
6  4.5  2.009
6  4.7  1.65619
6  4.9  1.3726
6  5.1  1.14334
6  5.3  0.956782
6  5.5  0.805385
6  5.7  0.680538
6  5.9  0.577428
6  6.1  0.491525
6  6.3  0.420587
6  6.5  0.360979
6  6.7  0.310941
6  6.9  0.268699
6  7.1  0.232941
6  7.3  0.202522
6  7.5  0.17656
6  7.7  0.154325
6  7.9  0.135254
6  8.1  0.118907
6  8.3  0.104777
6  8.5  0.0925333
6  8.7  0.0818974
6  8.9  0.0726416
6  9.1  0.0645531
6  9.3  0.0574808
6  9.5  0.0512735
6  9.7  0.045825
6  9.9  0.0410452
6  10.1  0.0368233
6  10.3  0.0330899
6  10.5  0.0297821
6  10.7  0.0268457
6  10.9  0.0242364
6  11.1  0.0219111
6  11.3  0.0198332
6  11.5  0.0179784
6  11.7  0.0163162
6  11.9  0.0148281
8  0.1  743.797
8  0.3  570.122
8  0.5  425.401
8  0.7  310.697
8  0.9  225.113
8  1.1  162.922
8  1.3  118.226
8  1.5  86.2185
8  1.7  63.3155
8  1.9  46.8471
8  2.1  34.9465
8  2.3  26.2977
8  2.5  19.9724
8  2.7  15.2985
8  2.9  11.8215
8  3.1  9.21362
8  3.3  7.24004
8  3.5  5.7342
8  3.7  4.57504
8  3.9  3.67659
8  4.1  2.97431
8  4.3  2.42218
8  4.5  1.98574
8  4.7  1.63694
8  4.9  1.35654
8  5.1  1.12991
8  5.3  0.945478
8  5.5  0.795835
8  5.7  0.672441
8  5.9  0.570541
8  6.1  0.485631
8  6.3  0.415529
8  6.5  0.356629
8  6.7  0.307183
8  6.9  0.265437
8  7.1  0.230098
8  7.3  0.200029
8  7.5  0.174397
8  7.7  0.152427
8  7.9  0.133587
8  8.1  0.117433
8  8.3  0.103473
8  8.5  0.09138
8  8.7  0.0808734
8  8.9  0.0717349
8  9.1  0.0637479
8  9.3  0.0567636
8  9.5  0.0506347
8  9.7  0.0452533
8  9.9  0.0405322
8  10.1  0.0363657
8  10.3  0.0326743
8  10.5  0.0294053
8  10.7  0.0265046
8  10.9  0.0239282
8  11.1  0.0216315
8  11.3  0.0195812
8  11.5  0.017749
8  11.7  0.0161107
8  11.9  0.0146404
10  0.1  737.385
10  0.3  565.445
10  0.5  421.854
10  0.7  308.1
10  0.9  223.264
10  1.1  161.582
10  1.3  117.248
10  1.5  85.535
10  1.7  62.819
10  1.9  46.4918
10  2.1  34.7216
10  2.3  26.1702
10  2.5  19.8981
10  2.7  15.2109
10  2.9  11.7009
10  3.1  9.08707
10  3.3  7.13431
10  3.5  5.64947
10  3.7  4.50692
10  3.9  3.62116
10  4.1  2.92906
10  4.3  2.38499
10  4.5  1.95509
10  4.7  1.61155
10  4.9  1.33537
10  5.1  1.11219
10  5.3  0.931098
10  5.5  0.783239
10  5.7  0.661766
10  5.9  0.561444
10  6.1  0.47784
10  6.3  0.408854
10  6.5  0.350879
10  6.7  0.302218
10  6.9  0.261135
10  7.1  0.226355
10  7.3  0.196774
10  7.5  0.171548
10  7.7  0.14993
10  7.9  0.131396
10  8.1  0.115503
10  8.3  0.101765
10  8.5  0.089866
10  8.7  0.0795314
10  8.9  0.0705432
10  9.1  0.0626806
10  9.3  0.0558114
10  9.5  0.0497854
10  9.7  0.0444915
10  9.9  0.0398476
10  10.1  0.0357504
10  10.3  0.0321245
10  10.5  0.0289114
10  10.7  0.0260596
10  10.9  0.0235255
10  11.1  0.021267
10  11.3  0.0192514
10  11.5  0.0174502
10  11.7  0.0158389
10  11.9  0.0143929
12  0.1  728.439
12  0.3  558.205
12  0.5  416.42
12  0.7  303.974
12  0.9  220.032
12  1.1  159.063
12  1.3  115.315
12  1.5  83.9737
12  1.7  61.589
12  1.9  45.5269
12  2.1  33.9239
12  2.3  25.5161
12  2.5  19.3561
12  2.7  14.8167
12  2.9  11.4432
12  3.1  8.9139
12  3.3  7.00113
12  3.5  5.54271
12  3.7  4.42125
12  3.9  3.55146
12  4.1  2.87213
12  4.3  2.33894
12  4.5  1.91662
12  4.7  1.57965
12  4.9  1.30878
12  5.1  1.08991
12  5.3  0.912355
12  5.5  0.767427
12  5.7  0.648347
12  5.9  0.55001
12  6.1  0.468087
12  6.3  0.400485
12  6.5  0.343671
12  6.7  0.295988
12  6.9  0.255735
12  7.1  0.221668
12  7.3  0.192687
12  7.5  0.167972
12  7.7  0.146806
12  7.9  0.128649
12  8.1  0.113086
12  8.3  0.0996327
12  8.5  0.0879798
12  8.7  0.0778687
12  8.9  0.0690566
12  9.1  0.0613614
12  9.3  0.0546329
12  9.5  0.0487306
12  9.7  0.0435473
12  9.9  0.0389987
12  10.1  0.0349856
12  10.3  0.0314366
12  10.5  0.0282901
12  10.7  0.0254997
12  10.9  0.0230186
12  11.1  0.0208089
12  11.3  0.0188348
12  11.5  0.0170729
12  11.7  0.0154924
12  11.9  0.0140786
14  0.1  717.745
14  0.3  549.921
14  0.5  410.43
14  0.7  299.299
14  0.9  216.522
14  1.1  156.436
14  1.3  113.275
14  1.5  82.4247
14  1.7  60.3981
14  1.9  44.6138
14  2.1  33.2221
14  2.3  24.9725
14  2.5  18.9341
14  2.7  14.4865
14  2.9  11.1837
14  3.1  8.70867
14  3.3  6.8377
14  3.5  5.41179
14  3.7  4.3158
14  3.9  3.46588
14  4.1  2.80237
14  4.3  2.28174
14  4.5  1.86948
14  4.7  1.54054
14  4.9  1.27618
14  5.1  1.0626
14  5.3  0.889395
14  5.5  0.748021
14  5.7  0.631892
14  5.9  0.536009
14  6.1  0.456458
14  6.3  0.39022
14  6.5  0.334834
14  6.7  0.288359
14  6.9  0.249126
14  7.1  0.215916
14  7.3  0.187679
14  7.5  0.163588
14  7.7  0.142971
14  7.9  0.125278
14  8.1  0.110118
14  8.3  0.0970115
14  8.5  0.0856613
14  8.7  0.0758133
14  8.9  0.0672301
14  9.1  0.0597329
14  9.3  0.0531816
14  9.5  0.0474373
14  9.7  0.0423911
14  9.9  0.037961
14  10.1  0.0340536
14  10.3  0.0305973
14  10.5  0.0275347
14  10.7  0.0248171
14  10.9  0.0224009
14  11.1  0.0202486
14  11.3  0.0183279
14  11.5  0.0166127
14  11.7  0.0150755
14  11.9  0.0137007
16  0.1  704.475
16  0.3  539.742
16  0.5  402.749
16  0.7  293.559
16  0.9  212.205
16  1.1  153.151
16  1.3  110.779
16  1.5  80.5253
16  1.7  58.9472
16  1.9  43.5032
16  2.1  32.3802
16  2.3  24.3128
16  2.5  18.4215
16  2.7  14.086
16  2.9  10.8693
16  3.1  8.45978
16  3.3  6.63954
16  3.5  5.2533
16  3.7  4.18808
16  3.9  3.36252
16  4.1  2.71813
16  4.3  2.21268
16  4.5  1.81256
16  4.7  1.49333
16  4.9  1.23688
16  5.1  1.02972
16  5.3  0.861747
16  5.5  0.724663
16  5.7  0.612059
16  5.9  0.519118
16  6.1  0.44204
16  6.3  0.377851
16  6.5  0.324194
16  6.7  0.279159
16  6.9  0.241155
16  7.1  0.208995
16  7.3  0.181644
16  7.5  0.1583
16  7.7  0.138341
16  7.9  0.121213
16  8.1  0.106538
16  8.3  0.0938523
16  8.5  0.0828601
16  8.7  0.07333
16  8.9  0.0650247
16  9.1  0.0577725
16  9.3  0.0514308
16  9.5  0.0458723
16  9.7  0.0409922
16  9.9  0.0367051
16  10.1  0.0329248
16  10.3  0.0295815
16  10.5  0.0266192
16  10.7  0.0239897
16  10.9  0.0216545
16  11.1  0.0195732
16  11.3  0.0177152
16  11.5  0.0160572
16  11.7  0.01457
16  11.9  0.0132398
18  0.1  688.122
18  0.3  527.311
18  0.5  393.365
18  0.7  286.536
18  0.9  206.894
18  1.1  149.113
18  1.3  107.739
18  1.5  78.2377
18  1.7  57.1872
18  1.9  42.1566
18  2.1  31.3464
18  2.3  23.5154
18  2.5  17.8032
18  2.7  13.6037
18  2.9  10.4909
18  3.1  8.16082
18  3.3  6.40156
18  3.5  5.06286
18  3.7  4.03394
18  3.9  3.23828
18  4.1  2.61748
18  4.3  2.12988
18  4.5  1.74416
18  4.7  1.43661
18  4.9  1.18963
18  5.1  0.990185
18  5.3  0.828525
18  5.5  0.696703
18  5.7  0.588389
18  5.9  0.498882
18  6.1  0.424807
18  6.3  0.363045
18  6.5  0.311451
18  6.7  0.268163
18  6.9  0.231632
18  7.1  0.200651
18  7.3  0.174407
18  7.5  0.151972
18  7.7  0.132814
18  7.9  0.116362
18  8.1  0.102259
18  8.3  0.0900742
18  8.5  0.0795258
18  8.7  0.0703678
18  8.9  0.0623955
18  9.1  0.0554363
18  9.3  0.0493463
18  9.5  0.0440107
18  9.7  0.0393235
18  9.9  0.0352062
18  10.1  0.031578
18  10.3  0.0283706
18  10.5  0.02553
18  10.7  0.0230085
18  10.9  0.0207682
18  11.1  0.0187707
18  11.3  0.0169868
18  11.5  0.0153963
18  11.7  0.0139711
18  11.9  0.0126929
20  0.1  668.281
20  0.3  512.02
20  0.5  381.846
20  0.7  277.917
20  0.9  200.425
20  1.1  144.215
20  1.3  104.022
20  1.5  75.4299
20  1.7  55.0479
20  1.9  40.5224
20  2.1  30.0921
20  2.3  22.5506
20  2.5  17.0557
20  2.7  13.0215
20  2.9  10.0348
20  3.1  7.8007
20  3.3  6.11551
20  3.5  4.83424
20  3.7  3.84998
20  3.9  3.08919
20  4.1  2.49525
20  4.3  2.03041
20  4.5  1.66221
20  4.7  1.36868
20  4.9  1.13311
20  5.1  0.942911
20  5.3  0.788758
20  5.5  0.663058
20  5.7  0.559866
20  5.9  0.47465
20  6.1  0.404048
20  6.3  0.345258
20  6.5  0.296139
20  6.7  0.254942
20  6.9  0.220175
20  7.1  0.190758
20  7.3  0.165757
20  7.5  0.144427
20  7.7  0.126198
20  7.9  0.110552
20  8.1  0.0971479
20  8.3  0.0855647
20  8.5  0.0755245
20  8.7  0.06683
20  8.9  0.0592443
20  9.1  0.0526287
20  9.3  0.0468431
20  9.5  0.0417741
20  9.7  0.0373204
20  9.9  0.0334151
20  10.1  0.0299698
20  10.3  0.0269242
20  10.5  0.0242244
20  10.7  0.0218311
20  10.9  0.0197012
20  11.1  0.0178045
20  11.3  0.0161134
20  11.5  0.0146006
20  11.7  0.0132478
20  11.9  0.0120376
22  0.1  643.628
22  0.3  493.013
22  0.5  367.495
22  0.7  267.218
22  0.9  192.424
22  1.1  138.175
22  1.3  99.447
22  1.5  71.972
22  1.7  52.4276
22  1.9  38.5193
22  2.1  28.5568
22  2.3  21.377
22  2.5  16.1468
22  2.7  12.316
22  2.9  9.48239
22  3.1  7.36338
22  3.3  5.76891
22  3.5  4.55806
22  3.7  3.62783
22  3.9  2.90906
22  4.1  2.35048
22  4.3  1.90953
22  4.5  1.5626
22  4.7  1.28632
22  4.9  1.06507
22  5.1  0.88575
22  5.3  0.740571
22  5.5  0.622446
22  5.7  0.525407
22  5.9  0.445557
22  6.1  0.379204
22  6.3  0.324135
22  6.5  0.278109
22  6.7  0.239427
22  6.9  0.207058
22  7.1  0.179745
22  7.3  0.156189
22  7.5  0.136425
22  7.7  0.119506
22  7.9  0.104929
22  8.1  0.0925435
22  8.3  0.0818558
22  8.5  0.0723785
22  8.7  0.0644788
22  8.9  0.0574504
22  9.1  0.0514547
22  9.3  0.0460937
22  9.5  0.0413901
22  9.7  0.0372979
22  9.9  0.033702
22  10.1  0.0305633
22  10.3  0.0277799
22  10.5  0.0252705
22  10.7  0.0230575
22  10.9  0.0211288
22  11.1  0.0193144
22  11.3  0.0177266
22  11.5  0.016298
22  11.7  0.0150202
22  11.9  0.0138388
24  0.1  612.502
24  0.3  469.1
24  0.5  349.464
24  0.7  253.723
24  0.9  182.338
24  1.1  130.635
24  1.3  93.7536
24  1.5  67.6506
24  1.7  49.1779
24  1.9  36.0543
24  2.1  26.6839
24  2.3  19.9349
24  2.5  15.036
24  2.7  11.4517
24  2.9  8.80563
24  3.1  6.83272
24  3.3  5.34678
24  3.5  4.21995
24  3.7  3.35758
24  3.9  2.69044
24  4.1  2.17079
24  4.3  1.76472
24  4.5  1.44348
24  4.7  1.1875
24  4.9  0.982362
24  5.1  0.816898
24  5.3  0.682923
24  5.5  0.573723
24  5.7  0.484161
24  5.9  0.41024
24  6.1  0.349038
24  6.3  0.298105
24  6.5  0.255572
24  6.7  0.219925
24  6.9  0.189863
24  7.1  0.16443
24  7.3  0.142803
24  7.5  0.124394
24  7.7  0.108648
24  7.9  0.0951466
24  8.1  0.0835794
24  8.3  0.0735891
24  8.5  0.0649409
24  8.7  0.0574599
24  8.9  0.0509094
24  9.1  0.0452165
24  9.3  0.0402347
24  9.5  0.0358651
24  9.7  0.0320342
24  9.9  0.0286755
24  10.1  0.0257121
24  10.3  0.0230926
24  10.5  0.0207726
24  10.7  0.0187139
24  10.9  0.0168869
24  11.1  0.0152579
24  11.3  0.0138057
24  11.5  0.0125082
24  11.7  0.0113473
24  11.9  0.010309
26  0.1  572.585
26  0.3  438.343
26  0.5  326.38
26  0.7  236.514
26  0.9  169.487
26  1.1  121.02
26  1.3  86.586
26  1.5  62.279
26  1.7  45.1067
26  1.9  32.9828
26  2.1  24.3514
26  2.3  18.1507
26  2.5  13.6763
26  2.7  10.3935
26  2.9  7.97542
26  3.1  6.17963
26  3.3  4.82891
26  3.5  3.80812
26  3.7  3.02646
26  3.9  2.42331
26  4.1  1.95334
26  4.3  1.58709
26  4.5  1.29711
26  4.7  1.06646
26  4.9  0.88171
26  5.1  0.732805
26  5.3  0.612335
26  5.5  0.514189
26  5.7  0.433732
26  5.9  0.367375
26  6.1  0.31243
26  6.3  0.266741
26  6.5  0.228593
26  6.7  0.196645
26  6.9  0.169705
26  7.1  0.146924
26  7.3  0.127563
26  7.5  0.111099
26  7.7  0.0970083
26  7.9  0.0849354
26  8.1  0.074597
26  8.3  0.0656624
26  8.5  0.0579319
26  8.7  0.0512292
26  8.9  0.0454068
26  9.1  0.0403095
26  9.3  0.0358601
26  9.5  0.0319602
26  9.7  0.0285387
26  9.9  0.0255442
26  10.1  0.0229041
26  10.3  0.0205663
26  10.5  0.0184981
26  10.7  0.0166649
26  10.9  0.0150333
26  11.1  0.0135829
26  11.3  0.0122867
26  11.5  0.0111284
26  11.7  0.0100918
26  11.9  0.00916705
28  0.1  520.939
28  0.3  398.765
28  0.5  296.61
28  0.7  214.392
28  0.9  153.038
28  1.1  108.797
28  1.3  77.443
28  1.5  55.4698
28  1.7  40.0133
28  1.9  29.1486
28  2.1  21.4432
28  2.3  15.9378
28  2.5  11.9638
28  2.7  9.07753
28  2.9  6.95548
28  3.1  5.37872
28  3.3  4.19814
28  3.5  3.30552
28  3.7  2.62301
28  3.9  2.09856
28  4.1  1.69031
28  4.3  1.37145
28  4.5  1.11988
28  4.7  0.919951
28  4.9  0.760035
28  5.1  0.631222
28  5.3  0.527128
28  5.5  0.442353
28  5.7  0.372933
28  5.9  0.315702
28  6.1  0.268329
28  6.3  0.228973
28  6.5  0.196131
28  6.7  0.168614
28  6.9  0.145474
28  7.1  0.125872
28  7.3  0.109256
28  7.5  0.0951221
28  7.7  0.0830192
28  7.9  0.0726587
28  8.1  0.0637935
28  8.3  0.0561357
28  8.5  0.049512
28  8.7  0.0437681
28  8.9  0.0387739
28  9.1  0.0344229
28  9.3  0.0306167
28  9.5  0.0272793
28  9.7  0.024351
28  9.9  0.0217882
28  10.1  0.019527
28  10.3  0.0175339
28  10.5  0.015768
28  10.7  0.0142044
28  10.9  0.0128102
28  11.1  0.0115711
28  11.3  0.0104656
28  11.5  0.00947595
28  11.7  0.00859157
28  11.9  0.00780363
30  0.1  455.408
30  0.3  348.453
30  0.5  258.806
30  0.7  186.415
30  0.9  132.362
30  1.1  93.5254
30  1.3  66.176
30  1.5  47.1144
30  1.7  33.8047
30  1.9  24.4936
30  2.1  17.9475
30  2.3  13.2866
30  2.5  9.94153
30  2.7  7.51974
30  2.9  5.74656
30  3.1  4.43316
30  3.3  3.45409
30  3.5  2.71439
30  3.7  2.14959
30  3.9  1.71634
30  4.1  1.38112
30  4.3  1.11908
30  4.5  0.912718
30  4.7  0.748964
30  4.9  0.618072
30  5.1  0.512821
30  5.3  0.427853
30  5.5  0.358726
30  5.7  0.302162
30  5.9  0.255603
30  6.1  0.217092
30  6.3  0.185104
30  6.5  0.158482
30  6.7  0.136174
30  6.9  0.11739
30  7.1  0.101518
30  7.3  0.0880777
30  7.5  0.0766223
30  7.7  0.0668543
30  7.9  0.0584818
30  8.1  0.0513115
30  8.3  0.04513
30  8.5  0.0397889
30  8.7  0.035163
30  8.9  0.0311295
30  9.1  0.027626
30  9.3  0.0245597
30  9.5  0.0218756
30  9.7  0.0195215
30  9.9  0.0174611
30  10.1  0.0156436
30  10.3  0.0140391
30  10.5  0.0126221
30  10.7  0.0113648
30  10.9  0.0102472
30  11.1  0.00925298
30  11.3  0.00836693
30  11.5  0.00757262
30  11.7  0.00686699
30  11.9  0.00623422
32  0.1  376.833
32  0.3  288.227
32  0.5  213.545
32  0.7  153.152
32  0.9  107.979
32  1.1  75.6755
32  1.3  53.1346
32  1.5  37.5174
32  1.7  26.7468
32  1.9  19.2575
32  2.1  14.0315
32  2.3  10.3379
32  2.5  7.70031
32  2.7  5.80172
32  2.9  4.41814
32  3.1  3.39782
32  3.3  2.63833
32  3.5  2.06966
32  3.7  1.63513
32  3.9  1.30336
32  4.1  1.04646
32  4.3  0.846474
32  4.5  0.689214
32  4.7  0.564685
32  4.9  0.465322
32  5.1  0.385548
32  5.3  0.321286
32  5.5  0.26906
32  5.7  0.226386
32  5.9  0.19128
32  6.1  0.162262
32  6.3  0.138245
32  6.5  0.118216
32  6.7  0.101488
32  6.9  0.0874351
32  7.1  0.0755633
32  7.3  0.0654998
32  7.5  0.056945
32  7.7  0.0496484
32  7.9  0.0434033
32  8.1  0.0380594
32  8.3  0.0334572
32  8.5  0.0294878
32  8.7  0.0260334
32  8.9  0.0230414
32  9.1  0.0204384
32  9.3  0.0181605
32  9.5  0.0161685
32  9.7  0.0144213
32  9.9  0.0128926
32  10.1  0.0115487
32  10.3  0.010361
32  10.5  0.00931019
32  10.7  0.00837809
32  10.9  0.00755026
32  11.1  0.00681253
32  11.3  0.00615497
32  11.5  0.00557198
32  11.7  0.00505034
32  11.9  0.00458531
