# fragmentation : Kniehl & Kramer (N=0.694, eps=0.101)
# channel       : An0n
#   dipole file dir       : data/Pb/bk_posterior/member_0065/glauber_mve_<b>
#   pD0 loop             : 0.1 to 12.0 GeV, step 0.2
#   fixed rapidity y      : -1.0
# ============================================================
# b  pD0  dsigma_dyd2pD0
0  0.1  1248.39
0  0.3  825.261
0  0.5  572.782
0  0.7  404.73
0  0.9  289.204
0  1.1  208.418
0  1.3  151.312
0  1.5  110.614
0  1.7  81.426
0  1.9  60.3985
0  2.1  45.1776
0  2.3  34.0705
0  2.5  25.9309
0  2.7  19.9209
0  2.9  15.4427
0  3.1  12.0858
0  3.3  9.54195
0  3.5  7.59826
0  3.7  6.09862
0  3.9  4.93417
0  4.1  4.02159
0  4.3  3.3001
0  4.5  2.7254
0  4.7  2.26442
0  4.9  1.89425
0  5.1  1.59224
0  5.3  1.34521
0  5.5  1.1421
0  5.7  0.973891
0  5.9  0.834543
0  6.1  0.717997
0  6.3  0.6202
0  6.5  0.53776
0  6.7  0.467557
0  6.9  0.408245
0  7.1  0.357343
0  7.3  0.314031
0  7.5  0.276724
0  7.7  0.244446
0  7.9  0.216531
0  8.1  0.192255
0  8.3  0.171101
0  8.5  0.152674
0  8.7  0.136341
0  8.9  0.122283
0  9.1  0.10975
0  9.3  0.0988007
0  9.5  0.0890447
0  9.7  0.0804013
0  9.9  0.0728245
0  10.1  0.0659726
0  10.3  0.0598335
0  10.5  0.0543735
0  10.7  0.0495009
0  10.9  0.0451878
0  11.1  0.0412797
0  11.3  0.037711
0  11.5  0.0345385
0  11.7  0.0316696
0  11.9  0.0290961
2  0.1  1246.86
2  0.3  824.375
2  0.5  572.149
2  0.7  404.27
2  0.9  288.859
2  1.1  208.156
2  1.3  151.113
2  1.5  110.461
2  1.7  81.3084
2  1.9  60.3027
2  2.1  45.1079
2  2.3  34.0165
2  2.5  25.8889
2  2.7  19.8881
2  2.9  15.4169
2  3.1  12.0655
2  3.3  9.52568
2  3.5  7.58504
2  3.7  6.08784
2  3.9  4.92549
2  4.1  4.01451
2  4.3  3.2943
2  4.5  2.72061
2  4.7  2.26037
2  4.9  1.89084
2  5.1  1.58942
2  5.3  1.3428
2  5.5  1.14004
2  5.7  0.972143
2  5.9  0.833044
2  6.1  0.716705
2  6.3  0.619135
2  6.5  0.536777
2  6.7  0.466713
2  6.9  0.407496
2  7.1  0.356724
2  7.3  0.313501
2  7.5  0.276214
2  7.7  0.243978
2  7.9  0.2161
2  8.1  0.1919
2  8.3  0.170763
2  8.5  0.15239
2  8.7  0.136206
2  8.9  0.122053
2  9.1  0.109612
2  9.3  0.0986642
2  9.5  0.0888847
2  9.7  0.0802472
2  9.9  0.0726097
2  10.1  0.0658534
2  10.3  0.0597145
2  10.5  0.0542682
2  10.7  0.0494333
2  10.9  0.045066
2  11.1  0.0411627
2  11.3  0.0376422
2  11.5  0.0344743
2  11.7  0.0316424
2  11.9  0.0290456
4  0.1  1242.86
4  0.3  821.683
4  0.5  570.264
4  0.7  402.865
4  0.9  287.817
4  1.1  207.367
4  1.3  150.514
4  1.5  110.002
4  1.7  80.9547
4  1.9  60.0354
4  2.1  44.897
4  2.3  33.8533
4  2.5  25.7624
4  2.7  19.789
4  2.9  15.3391
4  3.1  12.0039
4  3.3  9.47657
4  3.5  7.54563
4  3.7  6.05596
4  3.9  4.8995
4  4.1  3.99327
4  4.3  3.27679
4  4.5  2.7061
4  4.7  2.24904
4  4.9  1.8804
4  5.1  1.58073
4  5.3  1.33556
4  5.5  1.13382
4  5.7  0.966872
4  5.9  0.828335
4  6.1  0.712859
4  6.3  0.615647
4  6.5  0.533844
4  6.7  0.464309
4  6.9  0.405272
4  7.1  0.354625
4  7.3  0.311702
4  7.5  0.274703
4  7.7  0.242634
4  7.9  0.214943
4  8.1  0.19083
4  8.3  0.169884
4  8.5  0.151505
4  8.7  0.135438
4  8.9  0.121315
4  9.1  0.109009
4  9.3  0.0981107
4  9.5  0.0883815
4  9.7  0.0797948
4  9.9  0.0722686
4  10.1  0.06544
4  10.3  0.0594312
4  10.5  0.0539806
4  10.7  0.0491212
4  10.9  0.044782
4  11.1  0.0409084
4  11.3  0.0374184
4  11.5  0.0342783
4  11.7  0.0314183
4  11.9  0.028879
6  0.1  1236.37
6  0.3  817.146
6  0.5  567.029
6  0.7  400.504
6  0.9  286.059
6  1.1  206.038
6  1.3  149.499
6  1.5  109.226
6  1.7  80.3593
6  1.9  59.5709
6  2.1  44.5415
6  2.3  33.5786
6  2.5  25.5492
6  2.7  19.6224
6  2.9  15.2082
6  3.1  11.9001
6  3.3  9.39373
6  3.5  7.47922
6  3.7  6.00231
6  3.9  4.85585
6  4.1  3.95746
6  4.3  3.24729
6  4.5  2.68168
6  4.7  2.2286
6  4.9  1.8633
6  5.1  1.56626
6  5.3  1.32336
6  5.5  1.1235
6  5.7  0.957927
6  5.9  0.820831
6  6.1  0.70623
6  6.3  0.610097
6  6.5  0.528968
6  6.7  0.459898
6  6.9  0.401486
6  7.1  0.351334
6  7.3  0.308769
6  7.5  0.272072
6  7.7  0.240363
6  7.9  0.212941
6  8.1  0.189043
6  8.3  0.168164
6  8.5  0.150032
6  8.7  0.134202
6  8.9  0.120249
6  9.1  0.108001
6  9.3  0.0971259
6  9.5  0.0875561
6  9.7  0.0790545
6  9.9  0.0715883
6  10.1  0.0648659
6  10.3  0.0588221
6  10.5  0.0534483
6  10.7  0.0486571
6  10.9  0.0443549
6  11.1  0.0405806
6  11.3  0.0370786
6  11.5  0.0339571
6  11.7  0.031122
6  11.9  0.0285803
8  0.1  1226.69
8  0.3  810.663
8  0.5  562.418
8  0.7  397.128
8  0.9  283.555
8  1.1  204.142
8  1.3  148.054
8  1.5  108.119
8  1.7  79.5088
8  1.9  58.9172
8  2.1  44.0361
8  2.3  33.1882
8  2.5  25.2452
8  2.7  19.3852
8  2.9  15.0219
8  3.1  11.753
8  3.3  9.27633
8  3.5  7.38542
8  3.7  5.92613
8  3.9  4.79383
8  4.1  3.90673
8  4.3  3.20539
8  4.5  2.64695
8  4.7  2.19978
8  4.9  1.83912
8  5.1  1.54595
8  5.3  1.306
8  5.5  1.10872
8  5.7  0.945396
8  5.9  0.809955
8  6.1  0.696899
8  6.3  0.601827
8  6.5  0.521913
8  6.7  0.453752
8  6.9  0.396091
8  7.1  0.346694
8  7.3  0.304656
8  7.5  0.26848
8  7.7  0.237175
8  7.9  0.210054
8  8.1  0.186512
8  8.3  0.165985
8  8.5  0.14803
8  8.7  0.132256
8  8.9  0.118596
8  9.1  0.106531
8  9.3  0.0958341
8  9.5  0.08635
8  9.7  0.0779731
8  9.9  0.0706291
8  10.1  0.0639799
8  10.3  0.0580161
8  10.5  0.0527826
8  10.7  0.0479995
8  10.9  0.0438105
8  11.1  0.0399699
8  11.3  0.0365705
8  11.5  0.0334868
8  11.7  0.0307365
8  11.9  0.0281907
10  0.1  1213.55
10  0.3  802.079
10  0.5  556.328
10  0.7  392.509
10  0.9  280.244
10  1.1  201.638
10  1.3  146.148
10  1.5  106.66
10  1.7  78.3897
10  1.9  58.0628
10  2.1  43.3705
10  2.3  32.6745
10  2.5  24.8466
10  2.7  19.0742
10  2.9  14.7774
10  3.1  11.5592
10  3.3  9.12201
10  3.5  7.2616
10  3.7  5.82626
10  3.9  4.71258
10  4.1  3.84019
10  4.3  3.1505
10  4.5  2.6015
10  4.7  2.16191
10  4.9  1.80736
10  5.1  1.51915
10  5.3  1.28329
10  5.5  1.08939
10  5.7  0.928839
10  5.9  0.795777
10  6.1  0.684679
10  6.3  0.591404
10  6.5  0.512693
10  6.7  0.445764
10  6.9  0.389172
10  7.1  0.340609
10  7.3  0.299347
10  7.5  0.26372
10  7.7  0.23293
10  7.9  0.206338
10  8.1  0.183188
10  8.3  0.163028
10  8.5  0.14534
10  8.7  0.129991
10  8.9  0.116509
10  9.1  0.104544
10  9.3  0.0941469
10  9.5  0.0848111
10  9.7  0.0765744
10  9.9  0.0693524
10  10.1  0.062827
10  10.3  0.0569785
10  10.5  0.0517837
10  10.7  0.0471247
10  10.9  0.0429671
10  11.1  0.0392432
10  11.3  0.0359143
10  11.5  0.0329191
10  11.7  0.0301814
10  11.9  0.0277061
12  0.1  1197.6
12  0.3  791.194
12  0.5  548.616
12  0.7  387.044
12  0.9  276.036
12  1.1  198.463
12  1.3  143.74
12  1.5  104.818
12  1.7  76.9769
12  1.9  56.9787
12  2.1  42.5349
12  2.3  32.0277
12  2.5  24.3452
12  2.7  18.6829
12  2.9  14.4704
12  3.1  11.3164
12  3.3  8.92856
12  3.5  7.10621
12  3.7  5.70077
12  3.9  4.6105
12  4.1  3.75664
12  4.3  3.0818
12  4.5  2.54448
12  4.7  2.11428
12  4.9  1.76757
12  5.1  1.48548
12  5.3  1.25481
12  5.5  1.06516
12  5.7  0.908116
12  5.9  0.77808
12  6.1  0.669363
12  6.3  0.577999
12  6.5  0.50116
12  6.7  0.435924
12  6.9  0.380229
12  7.1  0.332894
12  7.3  0.292501
12  7.5  0.257734
12  7.7  0.22771
12  7.9  0.201645
12  8.1  0.179035
12  8.3  0.159302
12  8.5  0.142031
12  8.7  0.127033
12  8.9  0.113829
12  9.1  0.102214
12  9.3  0.0919539
12  9.5  0.0828705
12  9.7  0.07481
12  9.9  0.0677625
12  10.1  0.0613832
12  10.3  0.0556743
12  10.5  0.0505861
12  10.7  0.046046
12  10.9  0.0419754
12  11.1  0.0383417
12  11.3  0.0350651
12  11.5  0.0321602
12  11.7  0.0294797
12  11.9  0.0270381
14  0.1  1177.61
14  0.3  777.699
14  0.5  538.678
14  0.7  379.827
14  0.9  270.844
14  1.1  194.539
14  1.3  140.765
14  1.5  102.546
14  1.7  75.2394
14  1.9  55.6456
14  2.1  41.5109
14  2.3  31.2368
14  2.5  23.7324
14  2.7  18.2045
14  2.9  14.0944
14  3.1  11.019
14  3.3  8.69187
14  3.5  6.9166
14  3.7  5.54751
14  3.9  4.48609
14  4.1  3.65457
14  4.3  2.99779
14  4.5  2.47387
14  4.7  2.05615
14  4.9  1.71871
14  5.1  1.44454
14  5.3  1.22001
14  5.5  1.03557
14  5.7  0.882453
14  5.9  0.75634
14  6.1  0.650654
14  6.3  0.561797
14  6.5  0.487074
14  6.7  0.423636
14  6.9  0.369713
14  7.1  0.323571
14  7.3  0.284178
14  7.5  0.250477
14  7.7  0.221266
14  7.9  0.195903
14  8.1  0.173944
14  8.3  0.154695
14  8.5  0.138091
14  8.7  0.123315
14  8.9  0.110576
14  9.1  0.0992647
14  9.3  0.0893175
14  9.5  0.0804861
14  9.7  0.0726533
14  9.9  0.0658085
14  10.1  0.0595671
14  10.3  0.0540972
14  10.5  0.0491221
14  10.7  0.0447153
14  10.9  0.0407864
14  11.1  0.0372927
14  11.3  0.0340674
14  11.5  0.0312291
14  11.7  0.0286279
14  11.9  0.0262563
16  0.1  1152.6
16  0.3  761.032
16  0.5  527.192
16  0.7  371.505
16  0.9  264.503
16  1.1  189.762
16  1.3  137.129
16  1.5  99.7833
16  1.7  73.1257
16  1.9  54.0321
16  2.1  40.27
16  2.3  30.2799
16  2.5  22.9925
16  2.7  17.6272
16  2.9  13.6441
16  3.1  10.6608
16  3.3  8.40873
16  3.5  6.68808
16  3.7  5.36295
16  3.9  4.33614
16  4.1  3.53172
16  4.3  2.89654
16  4.5  2.39107
16  4.7  1.98628
16  4.9  1.65973
16  5.1  1.39504
16  5.3  1.17817
16  5.5  0.99995
16  5.7  0.851943
16  5.9  0.730185
16  6.1  0.628202
16  6.3  0.542423
16  6.5  0.470166
16  6.7  0.408928
16  6.9  0.356644
16  7.1  0.312255
16  7.3  0.274314
16  7.5  0.241659
16  7.7  0.213463
16  7.9  0.189058
16  8.1  0.167834
16  8.3  0.149322
16  8.5  0.133159
16  8.7  0.118982
16  8.9  0.106588
16  9.1  0.0957245
16  9.3  0.0861456
16  9.5  0.0776334
16  9.7  0.0700578
16  9.9  0.0633857
16  10.1  0.0574468
16  10.3  0.0521284
16  10.5  0.0473853
16  10.7  0.0431095
16  10.9  0.0393094
16  11.1  0.0359236
16  11.3  0.0328901
16  11.5  0.0300833
16  11.7  0.0276067
16  11.9  0.0253162
18  0.1  1122.87
18  0.3  740.776
18  0.5  513.002
18  0.7  361.139
18  0.9  256.761
18  1.1  183.962
18  1.3  132.736
18  1.5  96.4421
18  1.7  70.5835
18  1.9  52.088
18  2.1  38.778
18  2.3  29.1325
18  2.5  22.1049
18  2.7  16.934
18  2.9  13.1018
18  3.1  10.2323
18  3.3  8.06779
18  3.5  6.4149
18  3.7  5.14252
18  3.9  4.15681
18  4.1  3.38497
18  4.3  2.77576
18  4.5  2.291
18  4.7  1.90135
18  4.9  1.59012
18  5.1  1.33595
18  5.3  1.12831
18  5.5  0.957462
18  5.7  0.815649
18  5.9  0.698937
18  6.1  0.601259
18  6.3  0.519158
18  6.5  0.449994
18  6.7  0.391293
18  6.9  0.341361
18  7.1  0.298783
18  7.3  0.262484
18  7.5  0.231211
18  7.7  0.204217
18  7.9  0.180805
18  8.1  0.16053
18  8.3  0.14283
18  8.5  0.127322
18  8.7  0.113721
18  8.9  0.101957
18  9.1  0.0915949
18  9.3  0.0823877
18  9.5  0.0741745
18  9.7  0.066983
18  9.9  0.0606085
18  10.1  0.0549114
18  10.3  0.0498401
18  10.5  0.0452856
18  10.7  0.0412582
18  10.9  0.0376012
18  11.1  0.0343731
18  11.3  0.0313884
18  11.5  0.0287358
18  11.7  0.0263528
18  11.9  0.0241878
20  0.1  1086.06
20  0.3  716.207
20  0.5  495.384
20  0.7  348.377
20  0.9  247.325
20  1.1  176.92
20  1.3  127.418
20  1.5  92.4031
20  1.7  67.5118
20  1.9  49.7415
20  2.1  36.9839
20  2.3  27.7587
20  2.5  21.0412
20  2.7  16.1057
20  2.9  12.4532
20  3.1  9.72019
20  3.3  7.65871
20  3.5  6.08847
20  3.7  4.87931
20  3.9  3.94305
20  4.1  3.20998
20  4.3  2.63155
20  4.5  2.17136
20  4.7  1.80313
20  4.9  1.50673
20  5.1  1.26569
20  5.3  1.06876
20  5.5  0.906857
20  5.7  0.772834
20  5.9  0.661831
20  6.1  0.569272
20  6.3  0.491493
20  6.5  0.425887
20  6.7  0.370367
20  6.9  0.323072
20  7.1  0.282717
20  7.3  0.248387
20  7.5  0.218717
20  7.7  0.193217
20  7.9  0.171016
20  8.1  0.151824
20  8.3  0.13502
20  8.5  0.12041
20  8.7  0.107678
20  8.9  0.0963995
20  9.1  0.0866214
20  9.3  0.0779219
20  9.5  0.0702304
20  9.7  0.0633534
20  9.9  0.0573006
20  10.1  0.0518979
20  10.3  0.0471357
20  10.5  0.0428064
20  10.7  0.0389535
20  10.9  0.0355213
20  11.1  0.0324544
20  11.3  0.0296634
20  11.5  0.027165
20  11.7  0.0249112
20  11.9  0.0228812
22  0.1  1040.44
22  0.3  685.689
22  0.5  473.945
22  0.7  332.755
22  0.9  235.754
22  1.1  168.277
22  1.3  120.919
22  1.5  87.4852
22  1.7  63.7801
22  1.9  46.9131
22  2.1  34.819
22  2.3  26.0994
22  2.5  19.7588
22  2.7  15.11
22  2.9  11.6736
22  3.1  9.10573
22  3.3  7.17044
22  3.5  5.69746
22  3.7  4.56414
22  3.9  3.68695
22  4.1  3.00066
22  4.3  2.45917
22  4.5  2.02847
22  4.7  1.68407
22  4.9  1.40703
22  5.1  1.18165
22  5.3  0.99767
22  5.5  0.846323
22  5.7  0.72112
22  5.9  0.617442
22  6.1  0.530969
22  6.3  0.458402
22  6.5  0.397122
22  6.7  0.345305
22  6.9  0.301078
22  7.1  0.263508
22  7.3  0.231497
22  7.5  0.203772
22  7.7  0.180025
22  7.9  0.159327
22  8.1  0.141425
22  8.3  0.125772
22  8.5  0.112163
22  8.7  0.100245
22  8.9  0.0897623
22  9.1  0.0806416
22  9.3  0.0725226
22  9.5  0.0653797
22  9.7  0.0589816
22  9.9  0.0533419
22  10.1  0.0483739
22  10.3  0.0438856
22  10.5  0.0398682
22  10.7  0.0362499
22  10.9  0.0330676
22  11.1  0.0302375
22  11.3  0.0276027
22  11.5  0.0252788
22  11.7  0.0231787
22  11.9  0.0212673
24  0.1  983.436
24  0.3  647.447
24  0.5  446.928
24  0.7  313.192
24  0.9  221.451
24  1.1  157.59
24  1.3  112.871
24  1.5  81.4346
24  1.7  59.2182
24  1.9  43.4522
24  2.1  32.1852
24  2.3  24.0832
24  2.5  18.2061
24  2.7  13.9059
24  2.9  10.7331
24  3.1  8.36405
24  3.3  6.58316
24  3.5  5.22653
24  3.7  4.18455
24  3.9  3.37861
24  4.1  2.74882
24  4.3  2.25171
24  4.5  1.85666
24  4.7  1.54025
24  4.9  1.2869
24  5.1  1.08072
24  5.3  0.912115
24  5.5  0.773582
24  5.7  0.658989
24  5.9  0.56412
24  6.1  0.485056
24  6.3  0.418666
24  6.5  0.362589
24  6.7  0.315258
24  6.9  0.27501
24  7.1  0.240512
24  7.3  0.211217
24  7.5  0.186025
24  7.7  0.164268
24  7.9  0.145343
24  8.1  0.129021
24  8.3  0.114767
24  8.5  0.102302
24  8.7  0.0913847
24  8.9  0.0818338
24  9.1  0.0735233
24  9.3  0.0661269
24  9.5  0.0595212
24  9.7  0.053758
24  9.9  0.0486164
24  10.1  0.0440303
24  10.3  0.0399469
24  10.5  0.0363214
24  10.7  0.0330265
24  10.9  0.0301125
24  11.1  0.0275019
24  11.3  0.0251437
24  11.5  0.0230145
24  11.7  0.0211277
24  11.9  0.0193815
26  0.1  910.179
26  0.3  598.393
26  0.5  412.824
26  0.7  288.596
26  0.9  203.326
26  1.1  144.172
26  1.3  102.888
26  1.5  73.9368
26  1.7  53.585
26  1.9  39.1946
26  2.1  28.9607
26  2.3  21.6239
26  2.5  16.3159
26  2.7  12.4428
26  2.9  9.59114
26  3.1  7.46607
26  3.3  5.87115
26  3.5  4.65708
26  3.7  3.72589
26  3.9  3.00669
26  4.1  2.44449
26  4.3  2.00152
26  4.5  1.64906
26  4.7  1.36761
26  4.9  1.14244
26  5.1  0.959079
26  5.3  0.809102
26  5.5  0.68607
26  5.7  0.584234
26  5.9  0.499809
26  6.1  0.429756
26  6.3  0.37082
26  6.5  0.321072
26  6.7  0.279071
26  6.9  0.243319
26  7.1  0.21281
26  7.3  0.186862
26  7.5  0.164484
26  7.7  0.145237
26  7.9  0.12858
26  8.1  0.114072
26  8.3  0.101381
26  8.5  0.0903622
26  8.7  0.0806723
26  8.9  0.0723393
26  9.1  0.0649154
26  9.3  0.058353
26  9.5  0.052588
26  9.7  0.0474443
26  9.9  0.0429234
26  10.1  0.0388733
26  10.3  0.0352596
26  10.5  0.0320369
26  10.7  0.0291413
26  10.9  0.0265901
26  11.1  0.0242832
26  11.3  0.0221811
26  11.5  0.0202963
26  11.7  0.0186351
26  11.9  0.0170988
28  0.1  817.62
28  0.3  537
28  0.5  369.172
28  0.7  257.275
28  0.9  180.564
28  1.1  127.386
28  1.3  90.4407
28  1.5  64.682
28  1.7  46.6688
28  1.9  34.0025
28  2.1  25.0418
28  2.3  18.6453
28  2.5  14.0345
28  2.7  10.6812
28  2.9  8.21974
28  3.1  6.38918
28  3.3  5.01832
28  3.5  3.97602
28  3.7  3.17783
28  3.9  2.56187
28  4.1  2.08139
28  4.3  1.70217
28  4.5  1.40283
28  4.7  1.16292
28  4.9  0.97038
28  5.1  0.81407
28  5.3  0.686434
28  5.5  0.581841
28  5.7  0.495307
28  5.9  0.423475
28  6.1  0.364036
28  6.3  0.314016
28  6.5  0.271864
28  6.7  0.236172
28  6.9  0.205861
28  7.1  0.17994
28  7.3  0.157989
28  7.5  0.139035
28  7.7  0.122704
28  7.9  0.108563
28  8.1  0.0963285
28  8.3  0.0855925
28  8.5  0.0763078
28  8.7  0.068154
28  8.9  0.061009
28  9.1  0.0547738
28  9.3  0.0492062
28  9.5  0.0443514
28  9.7  0.0400672
28  9.9  0.0362133
28  10.1  0.0327374
28  10.3  0.0297
28  10.5  0.0269912
28  10.7  0.0245349
28  10.9  0.0223741
28  11.1  0.0204376
28  11.3  0.0186688
28  11.5  0.0170815
28  11.7  0.0156677
28  11.9  0.014358
30  0.1  701.896
30  0.3  459.936
30  0.5  315.565
30  0.7  218.846
30  0.9  152.506
30  1.1  106.969
30  1.3  75.4524
30  1.5  53.6055
30  1.7  38.4555
30  1.9  27.8778
30  2.1  20.4385
30  2.3  15.1662
30  2.5  11.3796
30  2.7  8.64158
30  2.9  6.63298
30  3.1  5.14556
30  3.3  4.03442
30  3.5  3.19202
30  3.7  2.54742
30  3.9  2.05079
30  4.1  1.66481
30  4.3  1.36078
30  4.5  1.11975
30  4.7  0.927075
30  4.9  0.773378
30  5.1  0.648251
30  5.3  0.546374
30  5.5  0.46264
30  5.7  0.393639
30  5.9  0.336531
30  6.1  0.289047
30  6.3  0.249212
30  6.5  0.215659
30  6.7  0.187286
30  6.9  0.163115
30  7.1  0.142555
30  7.3  0.125062
30  7.5  0.110063
30  7.7  0.0970884
30  7.9  0.0858793
30  8.1  0.0761749
30  8.3  0.067639
30  8.5  0.0602483
30  8.7  0.0537801
30  8.9  0.0482053
30  9.1  0.0431917
30  9.3  0.0388432
30  9.5  0.0349726
30  9.7  0.0315508
30  9.9  0.0285188
30  10.1  0.0258225
30  10.3  0.0234275
30  10.5  0.0212615
30  10.7  0.0193302
30  10.9  0.017614
30  11.1  0.0160854
30  11.3  0.0146861
30  11.5  0.0134494
30  11.7  0.01232
30  11.9  0.0112936
32  0.1  566.278
32  0.3  370.022
32  0.5  252.929
32  0.7  174.471
32  0.9  120.633
32  1.1  83.8452
32  1.3  58.6339
32  1.5  41.3474
32  1.7  29.4341
32  1.9  21.215
32  2.1  15.4683
32  2.3  11.426
32  2.5  8.53926
32  2.7  6.46256
32  2.9  4.94239
32  3.1  3.82597
32  3.3  2.99338
32  3.5  2.36316
32  3.7  1.88251
32  3.9  1.51304
32  4.1  1.22644
32  4.3  1.00104
32  4.5  0.822084
32  4.7  0.680867
32  4.9  0.567156
32  5.1  0.475191
32  5.3  0.400333
32  5.5  0.338917
32  5.7  0.28762
32  5.9  0.244307
32  6.1  0.209925
32  6.3  0.181595
32  6.5  0.157275
32  6.7  0.136371
32  6.9  0.118621
32  7.1  0.103525
32  7.3  0.0906948
32  7.5  0.0798342
32  7.7  0.0703932
32  7.9  0.0622833
32  8.1  0.0551224
32  8.3  0.0490152
32  8.5  0.0435844
32  8.7  0.0389447
32  8.9  0.0348534
32  9.1  0.0312442
32  9.3  0.0280823
32  9.5  0.0252745
32  9.7  0.022761
32  9.9  0.0206109
32  10.1  0.0186043
32  10.3  0.0168972
32  10.5  0.015346
32  10.7  0.0139441
32  10.9  0.0127036
32  11.1  0.0115939
32  11.3  0.0105807
32  11.5  0.00968917
32  11.7  0.00887512
32  11.9  0.00812998
34  0.1  425.837
34  0.3  277.461
34  0.5  188.738
34  0.7  129.233
34  0.9  88.4701
34  1.1  60.8503
34  1.3  42.1298
34  1.5  29.4146
34  1.7  20.771
34  1.9  14.8568
34  2.1  10.7601
34  2.3  7.8975
34  2.5  5.87678
34  2.7  4.42637
34  2.9  3.37493
34  3.1  2.60373
34  3.3  2.0313
34  3.5  1.59836
34  3.7  1.26983
34  3.9  1.01901
34  4.1  0.824668
34  4.3  0.671733
34  4.5  0.55105
34  4.7  0.454837
34  4.9  0.378496
34  5.1  0.316492
34  5.3  0.265978
34  5.5  0.224979
34  5.7  0.19078
34  5.9  0.162835
34  6.1  0.139706
34  6.3  0.120176
34  6.5  0.103824
34  6.7  0.0899211
34  6.9  0.0782364
34  7.1  0.0683311
34  7.3  0.0598963
34  7.5  0.0525768
34  7.7  0.04633
34  7.9  0.0409414
34  8.1  0.0362523
34  8.3  0.0321531
34  8.5  0.0286268
34  8.7  0.0255539
34  8.9  0.0228111
34  9.1  0.020501
34  9.3  0.0183544
34  9.5  0.0165644
34  9.7  0.0149086
34  9.9  0.0134475
34  10.1  0.0121581
34  10.3  0.0110444
34  10.5  0.0100009
34  10.7  0.00909064
34  10.9  0.00828584
34  11.1  0.00755579
34  11.3  0.00689623
34  11.5  0.00631692
34  11.7  0.00577367
34  11.9  0.00529867
