# fragmentation : LHAPDF (data/prompt-D0-1-109/prompt-D0-1-109_0073.dat, member 0, Q=1.5)
# channel       : An0n
#   dipole file dir       : data/Pb/mve/glauber_mve_<b>
#   pD0 loop             : 0.1 to 12.0 GeV, step 0.2
#   fixed rapidity y      : 3.5
# ============================================================
# b  pD0  dsigma_dyd2pD0
0  0.1  45.7341
0  0.3  32.1334
0  0.5  20.7322
0  0.7  12.5591
0  0.9  7.39888
0  1.1  4.32886
0  1.3  2.53426
0  1.5  1.49348
0  1.7  0.887978
0  1.9  0.533592
0  2.1  0.323948
0  2.3  0.198777
0  2.5  0.123243
0  2.7  0.0771936
0  2.9  0.0488249
0  3.1  0.0311648
0  3.3  0.0200828
0  3.5  0.0130494
0  3.7  0.00854576
0  3.9  0.00564545
0  4.1  0.00375459
0  4.3  0.00251425
0  4.5  0.00169617
0  4.7  0.0011509
0  4.9  0.000785833
0  5.1  0.000539174
0  5.3  0.000372452
0  5.5  0.000258453
0  5.7  0.000180175
0  5.9  0.000126268
0  6.1  8.88909e-05
0  6.3  6.27522e-05
0  6.5  4.45718e-05
0  6.7  3.17506e-05
0  6.9  2.27002e-05
0  7.1  1.62808e-05
0  7.3  1.17249e-05
0  7.5  8.47239e-06
0  7.7  6.13924e-06
0  7.9  4.45921e-06
0  8.1  3.25142e-06
0  8.3  2.37686e-06
0  8.5  1.74172e-06
0  8.7  1.27972e-06
0  8.9  9.42693e-07
0  9.1  6.9581e-07
0  9.3  5.1488e-07
0  9.5  3.81859e-07
0  9.7  2.83798e-07
0  9.9  2.11381e-07
0  10.1  1.57759e-07
0  10.3  1.17978e-07
0  10.5  8.83769e-08
0  10.7  6.63239e-08
0  10.9  4.98754e-08
0  11.1  3.75542e-08
0  11.3  2.83361e-08
0  11.5  2.14082e-08
0  11.7  1.61914e-08
0  11.9  1.22695e-08
2  0.1  45.7032
2  0.3  32.1116
2  0.5  20.7179
2  0.7  12.5502
2  0.9  7.3936
2  1.1  4.32554
2  1.3  2.5322
2  1.5  1.49223
2  1.7  0.887192
2  1.9  0.5331
2  2.1  0.323638
2  2.3  0.19858
2  2.5  0.123116
2  2.7  0.077112
2  2.9  0.048772
2  3.1  0.0311303
2  3.3  0.0200601
2  3.5  0.0130344
2  3.7  0.00853573
2  3.9  0.00563871
2  4.1  0.00375005
2  4.3  0.00251117
2  4.5  0.00169406
2  4.7  0.00114947
2  4.9  0.000784845
2  5.1  0.000538489
2  5.3  0.000371969
2  5.5  0.000258114
2  5.7  0.000179937
2  5.9  0.0001261
2  6.1  8.87719e-05
2  6.3  6.26677e-05
2  6.5  4.45116e-05
2  6.7  3.17074e-05
2  6.9  2.26691e-05
2  7.1  1.62583e-05
2  7.3  1.17087e-05
2  7.5  8.46061e-06
2  7.7  6.13066e-06
2  7.9  4.45295e-06
2  8.1  3.24683e-06
2  8.3  2.37349e-06
2  8.5  1.73924e-06
2  8.7  1.27787e-06
2  8.9  9.41341e-07
2  9.1  6.94801e-07
2  9.3  5.14135e-07
2  9.5  3.81305e-07
2  9.7  2.83377e-07
2  9.9  2.11066e-07
2  10.1  1.57524e-07
2  10.3  1.17801e-07
2  10.5  8.82437e-08
2  10.7  6.62236e-08
2  10.9  4.97999e-08
2  11.1  3.74984e-08
2  11.3  2.82918e-08
2  11.5  2.13754e-08
2  11.7  1.61667e-08
2  11.9  1.22506e-08
4  0.1  45.6101
4  0.3  32.0456
4  0.5  20.6749
4  0.7  12.5235
4  0.9  7.37701
4  1.1  4.31538
4  1.3  2.52594
4  1.5  1.48864
4  1.7  0.884815
4  1.9  0.531622
4  2.1  0.322704
4  2.3  0.197986
4  2.5  0.122736
4  2.7  0.0768668
4  2.9  0.0486128
4  3.1  0.0310258
4  3.3  0.0199909
4  3.5  0.0129884
4  3.7  0.00850524
4  3.9  0.00561804
4  4.1  0.00373635
4  4.3  0.00250171
4  4.5  0.0016876
4  4.7  0.00114501
4  4.9  0.000781783
4  5.1  0.000536396
4  5.3  0.00037052
4  5.5  0.0002571
4  5.7  0.000179222
4  5.9  0.000125593
4  6.1  8.84133e-05
4  6.3  6.24133e-05
4  6.5  4.43264e-05
4  6.7  3.15755e-05
4  6.9  2.25752e-05
4  7.1  1.61975e-05
4  7.3  1.16597e-05
4  7.5  8.42457e-06
4  7.7  6.10503e-06
4  7.9  4.43395e-06
4  8.1  3.2329e-06
4  8.3  2.36313e-06
4  8.5  1.73196e-06
4  8.7  1.2722e-06
4  8.9  9.37092e-07
4  9.1  6.91668e-07
4  9.3  5.11907e-07
4  9.5  3.7968e-07
4  9.7  2.82223e-07
4  9.9  2.10149e-07
4  10.1  1.56828e-07
4  10.3  1.17265e-07
4  10.5  8.78556e-08
4  10.7  6.59364e-08
4  10.9  4.95674e-08
4  11.1  3.7332e-08
4  11.3  2.81608e-08
4  11.5  2.12777e-08
4  11.7  1.6099e-08
4  11.9  1.22001e-08
6  0.1  45.4528
6  0.3  31.9341
6  0.5  20.6024
6  0.7  12.4781
6  0.9  7.34925
6  1.1  4.29829
6  1.3  2.51555
6  1.5  1.48193
6  1.7  0.880813
6  1.9  0.529115
6  2.1  0.321118
6  2.3  0.196981
6  2.5  0.122092
6  2.7  0.0764522
6  2.9  0.0483434
6  3.1  0.03085
6  3.3  0.0198755
6  3.5  0.0129122
6  3.7  0.00845435
6  3.9  0.00558403
6  4.1  0.00371318
6  4.3  0.00248613
6  4.5  0.00167697
6  4.7  0.00113774
6  4.9  0.000776749
6  5.1  0.000532907
6  5.3  0.000368083
6  5.5  0.000255398
6  5.7  0.000178029
6  5.9  0.000124754
6  6.1  8.78183e-05
6  6.3  6.20483e-05
6  6.5  4.40276e-05
6  6.7  3.13601e-05
6  6.9  2.24201e-05
6  7.1  1.6078e-05
6  7.3  1.15812e-05
6  7.5  8.3655e-06
6  7.7  6.0615e-06
6  7.9  4.40235e-06
6  8.1  3.20978e-06
6  8.3  2.34629e-06
6  8.5  1.7193e-06
6  8.7  1.2632e-06
6  8.9  9.3046e-07
6  9.1  6.86903e-07
6  9.3  5.08152e-07
6  9.5  3.76858e-07
6  9.7  2.80063e-07
6  9.9  2.0859e-07
6  10.1  1.55669e-07
6  10.3  1.1641e-07
6  10.5  8.72008e-08
6  10.7  6.54397e-08
6  10.9  4.91959e-08
6  11.1  3.70518e-08
6  11.3  2.79541e-08
6  11.5  2.11204e-08
6  11.7  1.59718e-08
6  11.9  1.21034e-08
8  0.1  45.226
8  0.3  31.7738
8  0.5  20.4982
8  0.7  12.413
8  0.9  7.3094
8  1.1  4.27392
8  1.3  2.50083
8  1.5  1.47278
8  1.7  0.875074
8  1.9  0.52553
8  2.1  0.318854
8  2.3  0.195541
8  2.5  0.121172
8  2.7  0.0758601
8  2.9  0.0479588
8  3.1  0.0305989
8  3.3  0.0197101
8  3.5  0.0128027
8  3.7  0.00838145
8  3.9  0.00553509
8  4.1  0.0036802
8  4.3  0.00246373
8  4.5  0.00166167
8  4.7  0.00112726
8  4.9  0.000769506
8  5.1  0.00052789
8  5.3  0.000364586
8  5.5  0.000252952
8  5.7  0.00017631
8  5.9  0.000123541
8  6.1  8.69521e-05
8  6.3  6.13762e-05
8  6.5  4.35885e-05
8  6.7  3.10481e-05
8  6.9  2.21959e-05
8  7.1  1.59163e-05
8  7.3  1.14641e-05
8  7.5  8.2805e-06
8  7.7  5.99948e-06
8  7.9  4.3572e-06
8  8.1  3.17671e-06
8  8.3  2.32204e-06
8  8.5  1.70145e-06
8  8.7  1.25005e-06
8  8.9  9.20761e-07
8  9.1  6.79534e-07
8  9.3  5.0282e-07
8  9.5  3.72893e-07
8  9.7  2.7711e-07
8  9.9  2.06382e-07
8  10.1  1.54022e-07
8  10.3  1.15175e-07
8  10.5  8.62721e-08
8  10.7  6.47404e-08
8  10.9  4.86819e-08
8  11.1  3.66549e-08
8  11.3  2.76553e-08
8  11.5  2.08928e-08
8  11.7  1.58012e-08
8  11.9  1.1973e-08
10  0.1  44.9265
10  0.3  31.5614
10  0.5  20.3598
10  0.7  12.3263
10  0.9  7.25648
10  1.1  4.24166
10  1.3  2.4811
10  1.5  1.46056
10  1.7  0.867684
10  1.9  0.520788
10  2.1  0.315863
10  2.3  0.193644
10  2.5  0.119956
10  2.7  0.0750772
10  2.9  0.0474508
10  3.1  0.0302668
10  3.3  0.0194915
10  3.5  0.0126579
10  3.7  0.00828894
10  3.9  0.00547012
10  4.1  0.0036366
10  4.3  0.00243404
10  4.5  0.00164141
10  4.7  0.00111335
10  4.9  0.000759699
10  5.1  0.000521252
10  5.3  0.000359972
10  5.5  0.000249629
10  5.7  0.000174037
10  5.9  0.000121933
10  6.1  8.58203e-05
10  6.3  6.06266e-05
10  6.5  4.30104e-05
10  6.7  3.06329e-05
10  6.9  2.18975e-05
10  7.1  1.5709e-05
10  7.3  1.13066e-05
10  7.5  8.16805e-06
10  7.7  5.91838e-06
10  7.9  4.29773e-06
10  8.1  3.1332e-06
10  8.3  2.28999e-06
10  8.5  1.6783e-06
10  8.7  1.23258e-06
10  8.9  9.07799e-07
10  9.1  6.70042e-07
10  9.3  4.95817e-07
10  9.5  3.67692e-07
10  9.7  2.73276e-07
10  9.9  2.03483e-07
10  10.1  1.51844e-07
10  10.3  1.13525e-07
10  10.5  8.50473e-08
10  10.7  6.38238e-08
10  10.9  4.79799e-08
10  11.1  3.61367e-08
10  11.3  2.72556e-08
10  11.5  2.05912e-08
10  11.7  1.5579e-08
10  11.9  1.18041e-08
12  0.1  44.5442
12  0.3  31.2905
12  0.5  20.1836
12  0.7  12.216
12  0.9  7.18911
12  1.1  4.20069
12  1.3  2.45591
12  1.5  1.44504
12  1.7  0.85804
12  1.9  0.514757
12  2.1  0.311942
12  2.3  0.19123
12  2.5  0.118413
12  2.7  0.0740849
12  2.9  0.0468073
12  3.1  0.0298486
12  3.3  0.0192155
12  3.5  0.0124755
12  3.7  0.00816374
12  3.9  0.00538899
12  4.1  0.00358145
12  4.3  0.00239675
12  4.5  0.00161597
12  4.7  0.00109593
12  4.9  0.000747895
12  5.1  0.000512925
12  5.3  0.000354158
12  5.5  0.000245567
12  5.7  0.000171186
12  5.9  0.000119922
12  6.1  8.43214e-05
12  6.3  5.95591e-05
12  6.5  4.22904e-05
12  6.7  3.0117e-05
12  6.9  2.15135e-05
12  7.1  1.5435e-05
12  7.3  1.11158e-05
12  7.5  8.02766e-06
12  7.7  5.81557e-06
12  7.9  4.22308e-06
12  8.1  3.07849e-06
12  8.3  2.25004e-06
12  8.5  1.64865e-06
12  8.7  1.21104e-06
12  8.9  8.91934e-07
12  9.1  6.58143e-07
12  9.3  4.86964e-07
12  9.5  3.611e-07
12  9.7  2.68319e-07
12  9.9  1.99817e-07
12  10.1  1.49108e-07
12  10.3  1.11491e-07
12  10.5  8.35067e-08
12  10.7  6.26599e-08
12  10.9  4.71134e-08
12  11.1  3.54704e-08
12  11.3  2.67598e-08
12  11.5  2.02148e-08
12  11.7  1.52874e-08
12  11.9  1.1583e-08
14  0.1  44.0664
14  0.3  30.9523
14  0.5  19.9439
14  0.7  12.0784
14  0.9  7.10507
14  1.1  4.14977
14  1.3  2.42452
14  1.5  1.42571
14  1.7  0.846063
14  1.9  0.507267
14  2.1  0.307228
14  2.3  0.188239
14  2.5  0.116501
14  2.7  0.0728565
14  2.9  0.0459916
14  3.1  0.0293289
14  3.3  0.018874
14  3.5  0.0122497
14  3.7  0.00801707
14  3.9  0.00528791
14  4.1  0.00351363
14  4.3  0.00235078
14  4.5  0.00158464
14  4.7  0.00107443
14  4.9  0.000732863
14  5.1  0.000502647
14  5.3  0.000347025
14  5.5  0.000240584
14  5.7  0.000167679
14  5.9  0.000117444
14  6.1  8.25672e-05
14  6.3  5.83134e-05
14  6.5  4.13997e-05
14  6.7  2.94797e-05
14  6.9  2.10553e-05
14  7.1  1.51039e-05
14  7.3  1.08769e-05
14  7.5  7.85407e-06
14  7.7  5.68948e-06
14  7.9  4.13109e-06
14  8.1  3.01106e-06
14  8.3  2.20062e-06
14  8.5  1.61248e-06
14  8.7  1.18428e-06
14  8.9  8.72156e-07
14  9.1  6.4363e-07
14  9.3  4.76091e-07
14  9.5  3.53009e-07
14  9.7  2.62294e-07
14  9.9  1.9532e-07
14  10.1  1.45744e-07
14  10.3  1.0897e-07
14  10.5  8.16129e-08
14  10.7  6.1236e-08
14  10.9  4.60397e-08
14  11.1  3.46604e-08
14  11.3  2.61479e-08
14  11.5  1.97514e-08
14  11.7  1.49362e-08
14  11.9  1.13164e-08
16  0.1  43.4764
16  0.3  30.5352
16  0.5  19.6705
16  0.7  11.9089
16  0.9  7.00147
16  1.1  4.08675
16  1.3  2.38591
16  1.5  1.40184
16  1.7  0.831339
16  1.9  0.49807
16  2.1  0.301443
16  2.3  0.184576
16  2.5  0.114161
16  2.7  0.0713524
16  2.9  0.0450363
16  3.1  0.0286952
16  3.3  0.0184571
16  3.5  0.0119737
16  3.7  0.00783359
16  3.9  0.00516487
16  4.1  0.00343099
16  4.3  0.0022946
16  4.5  0.00154635
16  4.7  0.00104822
16  4.9  0.000714765
16  5.1  0.000490151
16  5.3  0.000338305
16  5.5  0.000234484
16  5.7  0.000163413
16  5.9  0.000114438
16  6.1  8.04366e-05
16  6.3  5.67995e-05
16  6.5  4.03189e-05
16  6.7  2.87062e-05
16  6.9  2.05002e-05
16  7.1  1.47038e-05
16  7.3  1.05877e-05
16  7.5  7.6442e-06
16  7.7  5.53675e-06
16  7.9  4.01952e-06
16  8.1  2.92947e-06
16  8.3  2.14084e-06
16  8.5  1.56861e-06
16  8.7  1.1519e-06
16  8.9  8.4823e-07
16  9.1  6.25878e-07
16  9.3  4.62942e-07
16  9.5  3.43232e-07
16  9.7  2.55009e-07
16  9.9  1.89882e-07
16  10.1  1.41676e-07
16  10.3  1.0592e-07
16  10.5  7.93241e-08
16  10.7  5.95134e-08
16  10.9  4.47426e-08
16  11.1  3.36818e-08
16  11.3  2.54077e-08
16  11.5  1.91916e-08
16  11.7  1.45117e-08
16  11.9  1.09943e-08
18  0.1  42.7486
18  0.3  30.022
18  0.5  19.3333
18  0.7  11.6998
18  0.9  6.87395
18  1.1  4.00929
18  1.3  2.33856
18  1.5  1.37265
18  1.7  0.813316
18  1.9  0.486821
18  2.1  0.294392
18  2.3  0.180106
18  2.5  0.111313
18  2.7  0.0695239
18  2.9  0.0438515
18  3.1  0.0279246
18  3.3  0.0179508
18  3.5  0.0116401
18  3.7  0.00761138
18  3.9  0.00501628
18  4.1  0.00333066
18  4.3  0.00222675
18  4.5  0.00150018
18  4.7  0.00101651
18  4.9  0.000692948
18  5.1  0.000475049
18  5.3  0.000327796
18  5.5  0.000227143
18  5.7  0.00015825
18  5.9  0.000110759
18  6.1  7.78668e-05
18  6.3  5.49721e-05
18  6.5  3.90146e-05
18  6.7  2.77731e-05
18  6.9  1.98304e-05
18  7.1  1.42209e-05
18  7.3  1.02321e-05
18  7.5  7.39107e-06
18  7.7  5.35244e-06
18  7.9  3.88483e-06
18  8.1  2.83115e-06
18  8.3  2.06872e-06
18  8.5  1.51505e-06
18  8.7  1.11288e-06
18  8.9  8.19382e-07
18  9.1  6.04586e-07
18  9.3  4.47095e-07
18  9.5  3.3145e-07
18  9.7  2.4623e-07
18  9.9  1.83332e-07
18  10.1  1.36774e-07
18  10.3  1.02245e-07
18  10.5  7.65645e-08
18  10.7  5.74385e-08
18  10.9  4.31788e-08
18  11.1  3.25023e-08
18  11.3  2.45026e-08
18  11.5  1.8516e-08
18  11.7  1.40001e-08
18  11.9  1.06062e-08
20  0.1  41.8464
20  0.3  29.3857
20  0.5  18.9159
20  0.7  11.4407
20  0.9  6.71922
20  1.1  3.91014
20  1.3  2.28006
20  1.5  1.33677
20  1.7  0.791127
20  1.9  0.472999
20  2.1  0.285737
20  2.3  0.174632
20  2.5  0.107826
20  2.7  0.0672872
20  2.9  0.0423916
20  3.1  0.0269776
20  3.3  0.0173344
20  3.5  0.0112335
20  3.7  0.00734105
20  3.9  0.00483536
20  4.1  0.00320913
20  4.3  0.00214436
20  4.5  0.001444
20  4.7  0.000978135
20  4.9  0.000666508
20  5.1  0.000456762
20  5.3  0.000315073
20  5.5  0.000218255
20  5.7  0.000152015
20  5.9  0.000106365
20  6.1  7.47594e-05
20  6.3  5.28154e-05
20  6.5  3.74383e-05
20  6.7  2.66455e-05
20  6.9  1.90212e-05
20  7.1  1.36377e-05
20  7.3  9.8104e-06
20  7.5  7.08552e-06
20  7.7  5.12997e-06
20  7.9  3.72298e-06
20  8.1  2.71257e-06
20  8.3  1.9817e-06
20  8.5  1.45122e-06
20  8.7  1.06584e-06
20  8.9  7.84615e-07
20  9.1  5.7888e-07
20  9.3  4.28069e-07
20  9.5  3.17256e-07
20  9.7  2.35656e-07
20  9.9  1.7544e-07
20  10.1  1.30872e-07
20  10.3  9.78199e-08
20  10.5  7.3242e-08
20  10.7  5.49402e-08
20  10.9  4.12958e-08
20  11.1  3.10813e-08
20  11.3  2.343e-08
20  11.5  1.77031e-08
20  11.7  1.33844e-08
20  11.9  1.0139e-08
22  0.1  40.7124
22  0.3  28.5855
22  0.5  18.4141
22  0.7  11.116
22  0.9  6.52128
22  1.1  3.79
22  1.3  2.20691
22  1.5  1.29185
22  1.7  0.763517
22  1.9  0.455834
22  2.1  0.275126
22  2.3  0.167855
22  2.5  0.103516
22  2.7  0.0645269
22  2.9  0.0406114
22  3.1  0.0258211
22  3.3  0.0165766
22  3.5  0.0107341
22  3.7  0.00700966
22  3.9  0.0046138
22  4.1  0.00305808
22  4.3  0.00204359
22  4.5  0.00137542
22  4.7  0.000930934
22  4.9  0.000634223
22  5.1  0.000434452
22  5.3  0.000299554
22  5.5  0.000207422
22  5.7  0.000144419
22  5.9  0.000101015
22  6.1  7.10295e-05
22  6.3  5.01262e-05
22  6.5  3.55217e-05
22  6.7  2.52542e-05
22  6.9  1.80373e-05
22  7.1  1.29287e-05
22  7.3  9.29928e-06
22  7.5  6.70819e-06
22  7.7  4.86e-06
22  7.9  3.52609e-06
22  8.1  2.56875e-06
22  8.3  1.87613e-06
22  8.5  1.37399e-06
22  8.7  1.00896e-06
22  8.9  7.42459e-07
22  9.1  5.47688e-07
22  9.3  4.04834e-07
22  9.5  3.00028e-07
22  9.7  2.22826e-07
22  9.9  1.65864e-07
22  10.1  1.23719e-07
22  10.3  9.24614e-08
22  10.5  6.92216e-08
22  10.7  5.19154e-08
22  10.9  3.90215e-08
22  11.1  2.93633e-08
22  11.3  2.21417e-08
22  11.5  1.67208e-08
22  11.7  1.26399e-08
22  11.9  9.5735e-09
24  0.1  39.2619
24  0.3  27.5611
24  0.5  17.743
24  0.7  10.7008
24  0.9  6.26943
24  1.1  3.63987
24  1.3  2.11401
24  1.5  1.23547
24  1.7  0.728605
24  1.9  0.434185
24  2.1  0.261632
24  2.3  0.159358
24  2.5  0.0981253
24  2.7  0.0610772
24  2.9  0.0383917
24  3.1  0.0243803
24  3.3  0.0156354
24  3.5  0.0101142
24  3.7  0.00659894
24  3.9  0.00433934
24  4.1  0.00287386
24  4.3  0.00191908
24  4.5  0.00129076
24  4.7  0.000873042
24  4.9  0.000594431
24  5.1  0.000406972
24  5.3  0.000280454
24  5.5  0.000194096
24  5.7  0.000135083
24  5.9  9.44389e-05
24  6.1  6.63777e-05
24  6.3  4.68246e-05
24  6.5  3.31705e-05
24  6.7  2.35735e-05
24  6.9  1.68316e-05
24  7.1  1.20603e-05
24  7.3  8.67423e-06
24  7.5  6.2536e-06
24  7.7  4.52942e-06
24  7.9  3.28475e-06
24  8.1  2.39364e-06
24  8.3  1.74705e-06
24  8.5  1.27912e-06
24  8.7  9.39148e-07
24  8.9  6.9092e-07
24  9.1  5.09563e-07
24  9.3  3.7669e-07
24  9.5  2.79039e-07
24  9.7  2.07195e-07
24  9.9  1.54202e-07
24  10.1  1.1499e-07
24  10.3  8.59198e-08
24  10.5  6.43078e-08
24  10.7  4.82242e-08
24  10.9  3.6232e-08
24  11.1  2.72675e-08
24  11.3  2.05581e-08
24  11.5  1.55227e-08
24  11.7  1.17321e-08
24  11.9  8.88476e-09
26  0.1  37.3687
26  0.3  26.2211
26  0.5  16.8682
26  0.7  10.1593
26  0.9  5.93948
26  1.1  3.44133
26  1.3  1.99386
26  1.5  1.16243
26  1.7  0.683763
26  1.9  0.406468
26  2.1  0.244387
26  2.3  0.148537
26  2.5  0.0912815
26  2.7  0.0567046
26  2.9  0.0355872
26  3.1  0.0225631
26  3.3  0.0144501
26  3.5  0.00933508
26  3.7  0.00608328
26  3.9  0.00399537
26  4.1  0.00264345
26  4.3  0.00176351
26  4.5  0.00118451
26  4.7  0.000800868
26  4.9  0.00054487
26  5.1  0.000372786
26  5.3  0.000256702
26  5.5  0.000177534
26  5.7  0.000123544
26  5.9  8.62841e-05
26  6.1  6.05824e-05
26  6.3  4.27334e-05
26  6.5  3.02582e-05
26  6.7  2.14938e-05
26  6.9  1.53399e-05
26  7.1  1.09863e-05
26  7.3  7.89744e-06
26  7.5  5.69244e-06
26  7.7  4.12143e-06
26  7.9  2.98798e-06
26  8.1  2.17656e-06
26  8.3  1.58799e-06
26  8.5  1.16225e-06
26  8.7  8.53015e-07
26  8.9  6.27413e-07
26  9.1  4.62594e-07
26  9.3  3.41902e-07
26  9.5  2.53175e-07
26  9.7  1.87931e-07
26  9.9  1.39831e-07
26  10.1  1.04247e-07
26  10.3  7.78725e-08
26  10.5  5.82819e-08
26  10.7  4.36843e-08
26  10.9  3.28235e-08
26  11.1  2.46905e-08
26  11.3  1.86048e-08
26  11.5  1.4049e-08
26  11.7  1.06157e-08
26  11.9  8.03944e-09
28  0.1  34.8695
28  0.3  24.4541
28  0.5  15.7143
28  0.7  9.44538
28  0.9  5.50811
28  1.1  3.18052
28  1.3  1.83683
28  1.5  1.06724
28  1.7  0.625681
28  1.9  0.370728
28  2.1  0.222208
28  2.3  0.134694
28  2.5  0.082551
28  2.7  0.0511533
28  2.9  0.0320321
28  3.1  0.020275
28  3.3  0.0129547
28  3.5  0.00835459
28  3.7  0.00543328
28  3.9  0.00356517
28  4.1  0.00235526
28  4.3  0.00156918
28  4.5  0.0010527
28  4.7  0.000710984
28  4.9  0.000483228
28  5.1  0.000330274
28  5.3  0.000227217
28  5.5  0.00015702
28  5.7  0.000109104
28  5.9  7.61926e-05
28  6.1  5.34859e-05
28  6.3  3.76788e-05
28  6.5  2.66605e-05
28  6.7  1.89255e-05
28  6.9  1.34987e-05
28  7.1  9.66965e-06
28  7.3  6.9419e-06
28  7.5  5.00131e-06
28  7.7  3.61852e-06
28  7.9  2.62256e-06
28  8.1  1.90957e-06
28  8.3  1.39219e-06
28  8.5  1.0187e-06
28  8.7  7.47219e-07
28  8.9  5.49476e-07
28  9.1  4.05023e-07
28  9.3  2.9906e-07
28  9.5  2.21537e-07
28  9.7  1.64377e-07
28  9.9  1.22231e-07
28  10.1  9.11015e-08
28  10.3  6.80289e-08
28  10.5  5.08937e-08
28  10.7  3.81536e-08
28  10.9  2.86401e-08
28  11.1  2.15409e-08
28  11.3  1.62311e-08
28  11.5  1.22524e-08
28  11.7  9.25511e-09
28  11.9  7.00595e-09
30  0.1  31.5785
30  0.3  22.1341
30  0.5  14.1881
30  0.7  8.51298
30  0.9  4.94676
30  1.1  2.84311
30  1.3  1.63397
30  1.5  0.945044
30  1.7  0.551471
30  1.9  0.325356
30  2.1  0.194179
30  2.3  0.117283
30  2.5  0.0716215
30  2.7  0.0442463
30  2.9  0.027619
30  3.1  0.017435
30  3.3  0.0111115
30  3.5  0.00714968
30  3.7  0.00464182
30  3.9  0.00303873
30  4.1  0.00200513
30  4.3  0.00133253
30  4.5  0.000893123
30  4.7  0.000602053
30  4.9  0.00040872
30  5.1  0.000278896
30  5.3  0.000191497
30  5.5  0.00013225
30  5.7  9.18246e-05
30  5.9  6.40476e-05
30  6.1  4.48943e-05
30  6.3  3.16022e-05
30  6.5  2.23611e-05
30  6.7  1.58783e-05
30  6.9  1.1315e-05
30  7.1  8.09519e-06
30  7.3  5.81084e-06
30  7.5  4.18802e-06
30  7.7  3.02727e-06
30  7.9  2.19454e-06
30  8.1  1.59763e-06
30  8.3  1.16419e-06
30  8.5  8.52254e-07
30  8.7  6.25661e-07
30  8.9  4.60504e-07
30  9.1  3.39572e-07
30  9.3  2.51076e-07
30  9.5  1.86171e-07
30  9.7  1.381e-07
30  9.9  1.02635e-07
30  10.1  7.6259e-08
30  10.3  5.68913e-08
30  10.5  4.25568e-08
30  10.7  3.18373e-08
30  10.9  2.39034e-08
30  11.1  1.79847e-08
30  11.3  1.35526e-08
30  11.5  1.02345e-08
30  11.7  7.74908e-09
30  11.9  5.87791e-09
32  0.1  27.4332
32  0.3  19.2152
32  0.5  12.3042
32  0.7  7.34671
32  0.9  4.24605
32  1.1  2.42576
32  1.3  1.38557
32  1.5  0.796081
32  1.7  0.462026
32  1.9  0.271071
32  2.1  0.16103
32  2.3  0.0968111
32  2.5  0.0588537
32  2.7  0.036245
32  2.9  0.0225468
32  3.1  0.0141964
32  3.3  0.0090263
32  3.5  0.00579474
32  3.7  0.003757
32  3.9  0.00245641
32  4.1  0.00162006
32  4.3  0.00107705
32  4.5  0.000721429
32  4.7  0.000486761
32  4.9  0.00033053
32  5.1  0.000225994
32  5.3  0.000154418
32  5.5  0.000106
32  5.7  7.31573e-05
32  5.9  5.07045e-05
32  6.1  3.5347e-05
32  6.3  2.48051e-05
32  6.5  1.75137e-05
32  6.7  1.24316e-05
32  6.9  8.84592e-06
32  7.1  6.31708e-06
32  7.3  4.53122e-06
32  7.5  3.2595e-06
32  7.7  2.35207e-06
32  7.9  1.70261e-06
32  8.1  1.23701e-06
32  8.3  9.01244e-07
32  8.5  6.58387e-07
32  8.7  4.8257e-07
32  8.9  3.54041e-07
32  9.1  2.60625e-07
32  9.3  1.92445e-07
32  9.5  1.42218e-07
32  9.7  1.05526e-07
32  9.9  7.83962e-08
32  10.1  5.83548e-08
32  10.3  4.35663e-08
32  10.5  3.25354e-08
32  10.7  2.43545e-08
32  10.9  1.82998e-08
32  11.1  1.37718e-08
32  11.3  1.03717e-08
32  11.5  7.8341e-09
32  11.7  5.9219e-09
32  11.9  4.48909e-09
