# fragmentation : BCFY (r=0.1)
# channel       : An0n
#   dipole file dir       : data/Pb/bk_posterior/member_0032/glauber_mve_<b>
#   pD0 loop             : 0.1 to 12.0 GeV, step 0.2
#   fixed rapidity y      : 1.0
# ============================================================
# b  pD0  dsigma_dyd2pD0
0  0.1  999.505
0  0.3  780.559
0  0.5  607.886
0  0.7  466.236
0  0.9  354.321
0  1.1  268.171
0  1.3  202.903
0  1.5  153.591
0  1.7  116.515
0  1.9  88.6148
0  2.1  67.6489
0  2.3  51.8583
0  2.5  39.9623
0  2.7  30.9579
0  2.9  24.1057
0  3.1  18.9099
0  3.3  14.9114
0  3.5  11.844
0  3.7  9.45554
0  3.9  7.60281
0  4.1  6.14359
0  4.3  4.99716
0  4.5  4.08486
0  4.7  3.35586
0  4.9  2.77286
0  5.1  2.30096
0  5.3  1.91853
0  5.5  1.60674
0  5.7  1.35051
0  5.9  1.14062
0  6.1  0.967137
0  6.3  0.822637
0  6.5  0.702364
0  6.7  0.60167
0  6.9  0.517117
0  7.1  0.445691
0  7.3  0.385355
0  7.5  0.334359
0  7.7  0.290722
0  7.9  0.253406
0  8.1  0.221425
0  8.3  0.193772
0  8.5  0.170107
0  8.7  0.149657
0  8.9  0.13198
0  9.1  0.116638
0  9.3  0.103275
0  9.5  0.0916741
0  9.7  0.0814621
0  9.9  0.0724817
0  10.1  0.0646289
0  10.3  0.0577195
0  10.5  0.0516263
0  10.7  0.0462519
0  10.9  0.0415143
0  11.1  0.0373146
0  11.3  0.0335841
0  11.5  0.0302665
0  11.7  0.0273149
0  11.9  0.0246872
2  0.1  998.639
2  0.3  779.876
2  0.5  607.35
2  0.7  465.82
2  0.9  353.996
2  1.1  267.917
2  1.3  202.703
2  1.5  153.432
2  1.7  116.389
2  1.9  88.5145
2  2.1  67.569
2  2.3  51.7948
2  2.5  39.9117
2  2.7  30.9176
2  2.9  24.0735
2  3.1  18.8842
2  3.3  14.8907
2  3.5  11.8273
2  3.7  9.44199
2  3.9  7.59177
2  4.1  6.13456
2  4.3  4.98975
2  4.5  4.07875
2  4.7  3.35079
2  4.9  2.76864
2  5.1  2.29744
2  5.3  1.91557
2  5.5  1.60425
2  5.7  1.3484
2  5.9  1.13884
2  6.1  0.965617
2  6.3  0.821338
2  6.5  0.701251
2  6.7  0.600712
2  6.9  0.516293
2  7.1  0.444977
2  7.3  0.384737
2  7.5  0.333819
2  7.7  0.290251
2  7.9  0.252996
2  8.1  0.221065
2  8.3  0.193455
2  8.5  0.169827
2  8.7  0.149411
2  8.9  0.131762
2  9.1  0.116444
2  9.3  0.103102
2  9.5  0.0915216
2  9.7  0.0813265
2  9.9  0.0723608
2  10.1  0.0645209
2  10.3  0.0576233
2  10.5  0.05154
2  10.7  0.0461741
2  10.9  0.0414444
2  11.1  0.0372523
2  11.3  0.0335283
2  11.5  0.0302155
2  11.7  0.0272687
2  11.9  0.0246459
4  0.1  996.024
4  0.3  777.815
4  0.5  605.735
4  0.7  464.56
4  0.9  353.014
4  1.1  267.149
4  1.3  202.098
4  1.5  152.953
4  1.7  116.008
4  1.9  88.2115
4  2.1  67.3281
4  2.3  51.6032
4  2.5  39.7592
4  2.7  30.7959
4  2.9  23.9764
4  3.1  18.8064
4  3.3  14.8282
4  3.5  11.7767
4  3.7  9.40108
4  3.9  7.55846
4  4.1  6.10733
4  4.3  4.96736
4  4.5  4.06029
4  4.7  3.33552
4  4.9  2.75521
4  5.1  2.28682
4  5.3  1.90661
4  5.5  1.59674
4  5.7  1.34207
4  5.9  1.13341
4  6.1  0.960994
4  6.3  0.817428
4  6.5  0.697895
4  6.7  0.597826
4  6.9  0.513804
4  7.1  0.442826
4  7.3  0.382867
4  7.5  0.332192
4  7.7  0.28883
4  7.9  0.251753
4  8.1  0.219977
4  8.3  0.1925
4  8.5  0.168987
4  8.7  0.148669
4  8.9  0.131106
4  9.1  0.115863
4  9.3  0.102587
4  9.5  0.0910626
4  9.7  0.080916
4  9.9  0.0719949
4  10.1  0.0641951
4  10.3  0.0573329
4  10.5  0.0512792
4  10.7  0.0459397
4  10.9  0.0412347
4  11.1  0.0370635
4  11.3  0.0333574
4  11.5  0.030062
4  11.7  0.02713
4  11.9  0.0245204
6  0.1  991.607
6  0.3  774.333
6  0.5  603.003
6  0.7  462.433
6  0.9  351.356
6  1.1  265.852
6  1.3  201.075
6  1.5  152.143
6  1.7  115.365
6  1.9  87.7002
6  2.1  66.9213
6  2.3  51.2798
6  2.5  39.5017
6  2.7  30.5909
6  2.9  23.8127
6  3.1  18.6752
6  3.3  14.7227
6  3.5  11.6917
6  3.7  9.33216
6  3.9  7.50237
6  4.1  6.06147
6  4.3  4.92969
6  4.5  4.02922
6  4.7  3.30985
6  4.9  2.73379
6  5.1  2.26894
6  5.3  1.8916
6  5.5  1.58409
6  5.7  1.33138
6  5.9  1.12439
6  6.1  0.953316
6  6.3  0.810829
6  6.5  0.692234
6  6.7  0.592955
6  6.9  0.509601
6  7.1  0.439191
6  7.3  0.379716
6  7.5  0.329452
6  7.7  0.28644
6  7.9  0.249667
6  8.1  0.21815
6  8.3  0.190895
6  8.5  0.167577
6  8.7  0.147426
6  8.9  0.130009
6  9.1  0.114891
6  9.3  0.101725
6  9.5  0.0902958
6  9.7  0.0802332
6  9.9  0.0713874
6  10.1  0.0636525
6  10.3  0.0568478
6  10.5  0.0508425
6  10.7  0.045548
6  10.9  0.0408818
6  11.1  0.0367448
6  11.3  0.0330695
6  11.5  0.0298028
6  11.7  0.0268954
6  11.9  0.0243076
8  0.1  985.287
8  0.3  769.351
8  0.5  599.094
8  0.7  459.389
8  0.9  348.983
8  1.1  263.996
8  1.3  199.612
8  1.5  150.985
8  1.7  114.446
8  1.9  86.9698
8  2.1  66.3405
8  2.3  50.8185
8  2.5  39.1347
8  2.7  30.2993
8  2.9  23.5793
8  3.1  18.4884
8  3.3  14.5727
8  3.5  11.5706
8  3.7  9.23408
8  3.9  7.42253
8  4.1  5.9962
8  4.3  4.87603
8  4.5  3.9833
8  4.7  3.27326
8  4.9  2.70329
8  5.1  2.24348
8  5.3  1.87028
8  5.5  1.56608
8  5.7  1.31618
8  5.9  1.1115
8  6.1  0.942339
8  6.3  0.801443
8  6.5  0.684191
8  6.7  0.586043
8  6.9  0.503641
8  7.1  0.434033
8  7.3  0.375241
8  7.5  0.325343
8  7.7  0.283041
8  7.9  0.246695
8  8.1  0.215547
8  8.3  0.188616
8  8.5  0.165569
8  8.7  0.145654
8  8.9  0.128444
8  9.1  0.113506
8  9.3  0.100495
8  9.5  0.089203
8  9.7  0.079261
8  9.9  0.0705199
8  10.1  0.0628777
8  10.3  0.0561522
8  10.5  0.0502217
8  10.7  0.0449909
8  10.9  0.0403809
8  11.1  0.0362935
8  11.3  0.0326635
8  11.5  0.0294358
8  11.7  0.0265639
8  11.9  0.024008
10  0.1  976.884
10  0.3  762.825
10  0.5  593.913
10  0.7  455.349
10  0.9  345.839
10  1.1  261.538
10  1.3  197.675
10  1.5  149.452
10  1.7  113.231
10  1.9  86.0053
10  2.1  65.5739
10  2.3  50.2098
10  2.5  38.6506
10  2.7  29.9133
10  2.9  23.2718
10  3.1  18.2423
10  3.3  14.3751
10  3.5  11.411
10  3.7  9.1049
10  3.9  7.31746
10  4.1  5.91033
10  4.3  4.80545
10  4.5  3.92517
10  4.7  3.22516
10  4.9  2.66322
10  5.1  2.21002
10  5.3  1.84222
10  5.5  1.54245
10  5.7  1.29622
10  5.9  1.09455
10  6.1  0.927901
10  6.3  0.789103
10  6.5  0.673609
10  6.7  0.577071
10  6.9  0.49579
10  7.1  0.427245
10  7.3  0.36935
10  7.5  0.320227
10  7.7  0.278569
10  7.9  0.242789
10  8.1  0.212127
10  8.3  0.185612
10  8.5  0.162928
10  8.7  0.143326
10  8.9  0.126387
10  9.1  0.111685
10  9.3  0.0988823
10  9.5  0.0877692
10  9.7  0.0779843
10  9.9  0.0693816
10  10.1  0.0618609
10  10.3  0.0552428
10  10.5  0.0494059
10  10.7  0.0442597
10  10.9  0.0397217
10  11.1  0.0357021
10  11.3  0.0321288
10  11.5  0.028954
10  11.7  0.0261282
10  11.9  0.0236139
12  0.1  966.187
12  0.3  754.389
12  0.5  587.323
12  0.7  450.213
12  0.9  341.847
12  1.1  258.415
12  1.3  195.216
12  1.5  147.509
12  1.7  111.691
12  1.9  84.7924
12  2.1  64.6036
12  2.3  49.4398
12  2.5  38.0388
12  2.7  29.4271
12  2.9  22.8837
12  3.1  17.9319
12  3.3  14.126
12  3.5  11.2056
12  3.7  8.9423
12  3.9  7.18509
12  4.1  5.8022
12  4.3  4.71661
12  4.5  3.852
12  4.7  3.16461
12  4.9  2.61281
12  5.1  2.16792
12  5.3  1.80689
12  5.5  1.51274
12  5.7  1.27111
12  5.9  1.07323
12  6.1  0.909757
12  6.3  0.773601
12  6.5  0.660321
12  6.7  0.565651
12  6.9  0.485939
12  7.1  0.418738
12  7.3  0.361974
12  7.5  0.313807
12  7.7  0.27296
12  7.9  0.237889
12  8.1  0.207834
12  8.3  0.181847
12  8.5  0.159615
12  8.7  0.140404
12  8.9  0.123805
12  9.1  0.109399
12  9.3  0.0968544
12  9.5  0.0859646
12  9.7  0.0763773
12  9.9  0.0679508
12  10.1  0.0605845
12  10.3  0.0540992
12  10.5  0.0483834
12  10.7  0.0433409
12  10.9  0.0388964
12  11.1  0.0349587
12  11.3  0.0314593
12  11.5  0.0283492
12  11.7  0.0255818
12  11.9  0.0231194
14  0.1  952.909
14  0.3  743.893
14  0.5  579.192
14  0.7  443.831
14  0.9  336.893
14  1.1  254.631
14  1.3  192.163
14  1.5  145.161
14  1.7  109.784
14  1.9  83.2795
14  2.1  63.4044
14  2.3  48.4891
14  2.5  37.2841
14  2.7  28.8273
14  2.9  22.4058
14  3.1  17.5499
14  3.3  13.8195
14  3.5  10.9586
14  3.7  8.74242
14  3.9  7.02239
14  4.1  5.66947
14  4.3  4.60753
14  4.5  3.76222
14  4.7  3.09028
14  4.9  2.55098
14  5.1  2.1163
14  5.3  1.76358
14  5.5  1.47626
14  5.7  1.24032
14  5.9  1.04713
14  6.1  0.887525
14  6.3  0.754602
14  6.5  0.64404
14  6.7  0.551656
14  6.9  0.473875
14  7.1  0.408313
14  7.3  0.352933
14  7.5  0.305942
14  7.7  0.2661
14  7.9  0.231895
14  8.1  0.202584
14  8.3  0.177242
14  8.5  0.155563
14  8.7  0.13683
14  8.9  0.120647
14  9.1  0.106601
14  9.3  0.0943745
14  9.5  0.0837598
14  9.7  0.0744146
14  9.9  0.0662003
14  10.1  0.0590215
14  10.3  0.0526993
14  10.5  0.047131
14  10.7  0.0422144
14  10.9  0.0378823
14  11.1  0.0340464
14  11.3  0.0306349
14  11.5  0.0276057
14  11.7  0.02491
14  11.9  0.0225119
16  0.1  936.542
16  0.3  731.067
16  0.5  569.084
16  0.7  435.938
16  0.9  330.802
16  1.1  249.778
16  1.3  188.425
16  1.5  142.229
16  1.7  107.45
16  1.9  81.4331
16  2.1  61.9415
16  2.3  47.331
16  2.5  36.3557
16  2.7  28.0982
16  2.9  21.8253
16  3.1  17.0864
16  3.3  13.4478
16  3.5  10.6586
16  3.7  8.50014
16  3.9  6.82209
16  4.1  5.50874
16  4.3  4.47546
16  4.5  3.65365
16  4.7  3.00035
16  4.9  2.47623
16  5.1  2.05384
16  5.3  1.71123
16  5.5  1.43216
16  5.7  1.2031
16  5.9  1.01555
16  6.1  0.860643
16  6.3  0.731646
16  6.5  0.624367
16  6.7  0.534743
16  6.9  0.459298
16  7.1  0.395708
16  7.3  0.342001
16  7.5  0.296427
16  7.7  0.2578
16  7.9  0.224642
16  8.1  0.196232
16  8.3  0.171673
16  8.5  0.15066
16  8.7  0.132505
16  8.9  0.116828
16  9.1  0.103222
16  9.3  0.0913772
16  9.5  0.0810961
16  9.7  0.0720459
16  9.9  0.0640878
16  10.1  0.0571367
16  10.3  0.0510129
16  10.5  0.045621
16  10.7  0.0408613
16  10.9  0.0366668
16  11.1  0.0329523
16  11.3  0.0296492
16  11.5  0.0267163
16  11.7  0.0241052
16  11.9  0.0217831
18  0.1  916.504
18  0.3  715.334
18  0.5  556.719
18  0.7  426.335
18  0.9  323.347
18  1.1  243.952
18  1.3  183.853
18  1.5  138.626
18  1.7  104.607
18  1.9  79.1844
18  2.1  60.1649
18  2.3  45.9264
18  2.5  35.2424
18  2.7  27.2163
18  2.9  21.1239
18  3.1  16.5266
18  3.3  13.0072
18  3.5  10.3001
18  3.7  8.20822
18  3.9  6.58508
18  4.1  5.31535
18  4.3  4.31552
18  4.5  3.52305
18  4.7  2.89226
18  4.9  2.38714
18  5.1  1.97878
18  5.3  1.64823
18  5.5  1.37911
18  5.7  1.15844
18  5.9  0.977672
18  6.1  0.828408
18  6.3  0.704111
18  6.5  0.600768
18  6.7  0.514464
18  6.9  0.442074
18  7.1  0.380595
18  7.3  0.328906
18  7.5  0.28504
18  7.7  0.247874
18  7.9  0.215961
18  8.1  0.188631
18  8.3  0.165009
18  8.5  0.144798
18  8.7  0.127336
18  8.9  0.112259
18  9.1  0.099178
18  9.3  0.0877916
18  9.5  0.0778533
18  9.7  0.0692048
18  9.9  0.0615598
18  10.1  0.0549051
18  10.3  0.0489924
18  10.5  0.0438074
18  10.7  0.0392378
18  10.9  0.0352078
18  11.1  0.0316368
18  11.3  0.0284668
18  11.5  0.0256496
18  11.7  0.0231413
18  11.9  0.0209114
20  0.1  891.797
20  0.3  695.827
20  0.5  541.531
20  0.7  414.529
20  0.9  314.176
20  1.1  236.797
20  1.3  178.244
20  1.5  134.202
20  1.7  101.14
20  1.9  76.4488
20  2.1  58.0015
20  2.3  44.2332
20  2.5  33.9042
20  2.7  26.1472
20  2.9  20.2885
20  3.1  15.8501
20  3.3  12.4653
20  3.5  9.86444
20  3.7  7.85638
20  3.9  6.29962
20  4.1  5.08257
20  4.3  4.12497
20  4.5  3.36598
20  4.7  2.76203
20  4.9  2.27842
20  5.1  1.88863
20  5.3  1.57243
20  5.5  1.31556
20  5.7  1.10484
20  5.9  0.932209
20  6.1  0.789714
20  6.3  0.671097
20  6.5  0.57248
20  6.7  0.490156
20  6.9  0.42112
20  7.1  0.362485
20  7.3  0.313215
20  7.5  0.271408
20  7.7  0.23598
20  7.9  0.20557
20  8.1  0.179524
20  8.3  0.157018
20  8.5  0.137767
20  8.7  0.121139
20  8.9  0.106786
20  9.1  0.0943328
20  9.3  0.0834963
20  9.5  0.0740354
20  9.7  0.0658044
20  9.9  0.0585306
20  10.1  0.0521984
20  10.3  0.0465752
20  10.5  0.0416391
20  10.7  0.0372921
20  10.9  0.0334592
20  11.1  0.0300633
20  11.3  0.0270494
20  11.5  0.0243688
20  11.7  0.0219833
20  11.9  0.0198677
22  0.1  861.252
22  0.3  671.693
22  0.5  522.623
22  0.7  399.856
22  0.9  302.776
22  1.1  227.922
22  1.3  171.297
22  1.5  128.737
22  1.7  96.8541
22  1.9  73.0711
22  2.1  55.3465
22  2.3  42.1245
22  2.5  32.2552
22  2.7  24.8427
22  2.9  19.255
22  3.1  15.0275
22  3.3  11.7998
22  3.5  9.33603
22  3.7  7.42995
22  3.9  5.95396
22  4.1  4.80231
22  4.3  3.89416
22  4.5  3.17609
22  4.7  2.60505
22  4.9  2.14798
22  5.1  1.77984
22  5.3  1.48131
22  5.5  1.23902
22  5.7  1.0402
22  5.9  0.877403
22  6.1  0.743112
22  6.3  0.631322
22  6.5  0.538397
22  6.7  0.460866
22  6.9  0.395878
22  7.1  0.340676
22  7.3  0.294315
22  7.5  0.254985
22  7.7  0.221663
22  7.9  0.19306
22  8.1  0.168574
22  8.3  0.147416
22  8.5  0.129319
22  8.7  0.113692
22  8.9  0.100207
22  9.1  0.088509
22  9.3  0.0783333
22  9.5  0.0694492
22  9.7  0.0617217
22  9.9  0.0548923
22  10.1  0.0489254
22  10.3  0.0436714
22  10.5  0.0390383
22  10.7  0.0349595
22  10.9  0.0313631
22  11.1  0.0281766
22  11.3  0.0253512
22  11.5  0.0228367
22  11.7  0.0205995
22  11.9  0.0186164
24  0.1  822.353
24  0.3  641.365
24  0.5  498.723
24  0.7  381.352
24  0.9  288.396
24  1.1  216.825
24  1.3  162.568
24  1.5  121.868
24  1.7  91.4852
24  1.9  68.854
24  2.1  52.0507
24  2.3  39.5519
24  2.5  30.2191
24  2.7  23.2266
24  2.9  17.9759
24  3.1  14.0171
24  3.3  11.0013
24  3.5  8.6893
24  3.7  6.90863
24  3.9  5.53178
24  4.1  4.45709
24  4.3  3.61256
24  4.5  2.94463
24  4.7  2.41393
24  4.9  1.98925
24  5.1  1.64752
24  5.3  1.37056
24  5.5  1.14594
24  5.7  0.96168
24  5.9  0.81086
24  6.1  0.68638
24  6.3  0.583085
24  6.5  0.497089
24  6.7  0.425379
24  6.9  0.365294
24  7.1  0.314267
24  7.3  0.271442
24  7.5  0.23527
24  7.7  0.204331
24  7.9  0.177926
24  8.1  0.155324
24  8.3  0.135804
24  8.5  0.119102
24  8.7  0.104693
24  8.9  0.0922575
24  9.1  0.0814751
24  9.3  0.0720983
24  9.5  0.0639105
24  9.7  0.0567897
24  9.9  0.0504997
24  10.1  0.0450061
24  10.3  0.0401648
24  10.5  0.0359003
24  10.7  0.0321425
24  10.9  0.0288303
24  11.1  0.0258973
24  11.3  0.0232959
24  11.5  0.0209823
24  11.7  0.0189252
24  11.9  0.0170993
26  0.1  772.768
26  0.3  602.202
26  0.5  468.085
26  0.7  357.567
26  0.9  269.97
26  1.1  202.532
26  1.3  151.444
26  1.5  113.167
26  1.7  84.7056
26  1.9  63.5592
26  2.1  47.9233
26  2.3  36.3125
26  2.5  27.679
26  2.7  21.228
26  2.9  16.3989
26  3.1  12.7658
26  3.3  10.0035
26  3.5  7.89141
26  3.7  6.26664
26  3.9  5.01239
26  4.1  4.03467
26  4.3  3.26712
26  4.5  2.66087
26  4.7  2.17955
26  4.9  1.79498
26  5.1  1.48584
26  5.3  1.23525
26  5.5  1.03217
26  5.7  0.865778
26  5.9  0.729641
26  6.1  0.617366
26  6.3  0.524205
26  6.5  0.446726
26  6.7  0.382106
26  6.9  0.328011
26  7.1  0.28208
26  7.3  0.243563
26  7.5  0.211032
26  7.7  0.183217
26  7.9  0.159495
26  8.1  0.139189
26  8.3  0.121763
26  8.5  0.106676
26  8.7  0.0937418
26  8.9  0.0825864
26  9.1  0.0729187
26  9.3  0.0645129
26  9.5  0.0571748
26  9.7  0.0507956
26  9.9  0.0451589
26  10.1  0.0402526
26  10.3  0.0359035
26  10.5  0.0320841
26  10.7  0.0287222
26  10.9  0.0257593
26  11.1  0.0231358
26  11.3  0.0208096
26  11.5  0.0187397
26  11.7  0.0168997
26  11.9  0.0152666
28  0.1  707.603
28  0.3  551.438
28  0.5  428.372
28  0.7  326.847
28  0.9  246.205
28  1.1  184.1
28  1.3  137.153
28  1.5  102.116
28  1.7  76.0962
28  1.9  56.8852
28  2.1  42.719
28  2.3  32.2604
28  2.5  24.5138
28  2.7  18.7553
28  2.9  14.4523
28  3.1  11.2188
28  3.3  8.77412
28  3.5  6.91118
28  3.7  5.47946
28  3.9  4.3766
28  4.1  3.51828
28  4.3  2.84556
28  4.5  2.31485
28  4.7  1.89399
28  4.9  1.55861
28  5.1  1.28948
28  5.3  1.07088
28  5.5  0.894042
28  5.7  0.74933
28  5.9  0.631148
28  6.1  0.53364
28  6.3  0.452873
28  6.5  0.385793
28  6.7  0.329688
28  6.9  0.282724
28  7.1  0.24318
28  7.3  0.209885
28  7.5  0.181641
28  7.7  0.157746
28  7.9  0.137275
28  8.1  0.119744
28  8.3  0.104692
28  8.5  0.0917669
28  8.7  0.080618
28  8.9  0.07095
28  9.1  0.0626239
28  9.3  0.0553862
28  9.5  0.0491176
28  9.7  0.0436033
28  9.9  0.0387453
28  10.1  0.0345145
28  10.3  0.0307892
28  10.5  0.0275098
28  10.7  0.0246162
28  10.9  0.0220721
28  11.1  0.0198187
28  11.3  0.0178202
28  11.5  0.0160423
28  11.7  0.0144666
28  11.9  0.0130596
30  0.1  625.043
30  0.3  486.78
30  0.5  377.78
30  0.7  287.687
30  0.9  216.087
30  1.1  160.844
30  1.3  119.211
30  1.5  88.2591
30  1.7  65.4114
30  1.9  48.6428
30  2.1  36.3467
30  2.3  27.323
30  2.5  20.6796
30  2.7  15.7546
30  2.9  12.1061
30  3.1  9.37314
30  3.3  7.30955
30  3.5  5.74406
30  3.7  4.54377
30  3.9  3.62283
30  4.1  2.90712
30  4.3  2.34755
30  4.5  1.90691
30  4.7  1.55804
30  4.9  1.28046
30  5.1  1.0582
30  5.3  0.877686
30  5.5  0.7319
30  5.7  0.613424
30  5.9  0.515872
30  6.1  0.435764
30  6.3  0.36951
30  6.5  0.314506
30  6.7  0.268609
30  6.9  0.230138
30  7.1  0.197845
30  7.3  0.170768
30  7.5  0.147711
30  7.7  0.128106
30  7.9  0.111415
30  8.1  0.0971326
30  8.3  0.0848852
30  8.5  0.0743601
30  8.7  0.065287
30  8.9  0.0574772
30  9.1  0.0506771
30  9.3  0.0448386
30  9.5  0.0397099
30  9.7  0.035233
30  9.9  0.0312958
30  10.1  0.0278767
30  10.3  0.0248484
30  10.5  0.0221918
30  10.7  0.0198653
30  10.9  0.0178052
30  11.1  0.0159682
30  11.3  0.0143525
30  11.5  0.0129201
30  11.7  0.0116411
30  11.9  0.0105063
32  0.1  524.958
32  0.3  408.542
32  0.5  316.814
32  0.7  240.686
32  0.9  179.932
32  1.1  133.187
32  1.3  98.0411
32  1.5  72.0674
32  1.7  53.011
32  1.9  39.1555
32  2.1  29.0506
32  2.3  21.7197
32  2.5  16.3443
32  2.7  12.4051
32  2.9  9.48774
32  3.1  7.31565
32  3.3  5.6876
32  3.5  4.45588
32  3.7  3.51503
32  3.9  2.79548
32  4.1  2.23883
32  4.3  1.8036
32  4.5  1.46278
32  4.7  1.19282
32  4.9  0.978094
32  5.1  0.807088
32  5.3  0.668933
32  5.5  0.556714
32  5.7  0.465523
32  5.9  0.391219
32  6.1  0.330159
32  6.3  0.279675
32  6.5  0.237779
32  6.7  0.202874
32  6.9  0.17367
32  7.1  0.149145
32  7.3  0.128548
32  7.5  0.111105
32  7.7  0.096294
32  7.9  0.0836693
32  8.1  0.0728992
32  8.3  0.0636644
32  8.5  0.0557346
32  8.7  0.0489057
32  8.9  0.0430262
32  9.1  0.0379392
32  9.3  0.0335205
32  9.5  0.029692
32  9.7  0.026332
32  9.9  0.0233745
32  10.1  0.0208101
32  10.3  0.0185484
32  10.5  0.0165478
32  10.7  0.0147939
32  10.9  0.0132521
32  11.1  0.0118868
32  11.3  0.0106852
32  11.5  0.00960911
32  11.7  0.00865124
32  11.9  0.00780353
34  0.1  416.747
34  0.3  324.153
34  0.5  250.988
34  0.7  190.027
34  0.9  141.251
34  1.1  103.75
34  1.3  75.749
34  1.5  55.1404
34  1.7  40.2064
34  1.9  29.4338
34  2.1  21.6715
34  2.3  16.0814
34  2.5  12.0298
34  2.7  9.07779
34  2.9  6.90723
34  3.1  5.30062
34  3.3  4.10375
34  3.5  3.20231
34  3.7  2.5179
34  3.9  1.99685
34  4.1  1.59321
34  4.3  1.2801
34  4.5  1.03517
34  4.7  0.842166
34  4.9  0.689548
34  5.1  0.567332
34  5.3  0.469232
34  5.5  0.390357
34  5.7  0.325906
34  5.9  0.273482
34  6.1  0.230235
34  6.3  0.194731
34  6.5  0.165544
34  6.7  0.14107
34  6.9  0.120479
34  7.1  0.103403
34  7.3  0.0890034
34  7.5  0.0768419
34  7.7  0.0665146
34  7.9  0.0577446
34  8.1  0.0502501
34  8.3  0.043855
34  8.5  0.0383687
34  8.7  0.0336191
34  8.9  0.0295879
34  9.1  0.0260617
34  9.3  0.0229909
34  9.5  0.0203638
34  9.7  0.0180472
34  9.9  0.0160152
34  10.1  0.0142399
34  10.3  0.0126676
34  10.5  0.0113077
34  10.7  0.0100999
34  10.9  0.00903041
34  11.1  0.0080963
34  11.3  0.00726783
34  11.5  0.0065402
34  11.7  0.00588871
34  11.9  0.00530768
