# fragmentation : BCFY (r=0.1), evolved (scale=2*mt0=3.00666)
# target        : AA (sqrt(s_NN) = 5360 GeV)
# channel       : An0n
# flux          : EFF (An0n, arXiv:2404.09731 Eq. 4)
#   generated             : 2026-10-04 18:18:21 EEST
#   flux_model            : EFF
#   calls                 : 2e5 (VEGAS calls per point)
#   dipole file dir       : data/Pb/mve/glauber_mve_<b_d>
#   pD0 loop             : 0.1 0.3 0.5 0.7 0.9 1.1 1.3 1.5 1.7 1.9 2.1 2.3 2.5 2.7 2.9 3.1 3.3 3.5 3.7 3.9 4.1 4.3 4.5 4.7 4.9 5.1 5.3 5.5 5.7 5.9 6.1 6.3 6.5 6.7 6.9 7.1 7.3 7.5 7.7 7.9 8.1 8.3 8.5 8.7 8.9 9.1 9.3 9.5 9.7 9.9 10.1 10.3 10.5 10.7 10.9 11.1 11.3 11.5 11.7 11.9
#   fixed rapidity y      : -2.5
# ============================================================
# b_d  pD0  dsigma_dyd2pD0
0  0.1  5508.96
0  0.3  3118.71
0  0.5  2159.75
0  0.7  1551.24
0  0.9  1123.98
0  1.1  814.49
0  1.3  588.132
0  1.5  423.53
0  1.7  304.257
0  1.9  218.842
0  2.1  157.918
0  2.3  114.546
0  2.5  83.7177
0  2.7  61.6908
0  2.9  45.9532
0  3.1  34.5652
0  3.3  26.2631
0  3.5  20.1872
0  3.7  15.6536
0  3.9  12.2541
0  4.1  9.68557
0  4.3  7.86824
0  4.5  6.48218
0  4.7  5.37729
0  4.9  4.49606
0  5.1  3.78661
0  5.3  3.20848
0  5.5  2.7348
0  5.7  2.34473
0  5.9  2.02162
0  6.1  1.75006
0  6.3  1.5228
0  6.5  1.32981
0  6.7  1.16667
0  6.9  1.02738
0  7.1  0.90811
0  7.3  0.804676
0  7.5  0.716367
0  7.7  0.639368
0  7.9  0.571744
0  8.1  0.51351
0  8.3  0.461918
0  8.5  0.416886
0  8.7  0.377089
0  8.9  0.341389
0  9.1  0.31046
0  9.3  0.282048
0  9.5  0.257595
0  9.7  0.235436
0  9.9  0.215229
0  10.1  0.197634
0  10.3  0.181131
0  10.5  0.166963
0  10.7  0.153595
0  10.9  0.141736
0  11.1  0.131027
0  11.3  0.121205
0  11.5  0.112329
0  11.7  0.104423
0  11.9  0.0968779
2  0.1  5501.83
2  0.3  3114.4
2  0.5  2157
2  0.7  1549.95
2  0.9  1122.99
2  1.1  813.298
2  1.3  587.212
2  1.5  422.812
2  1.7  303.739
2  1.9  218.453
2  2.1  157.606
2  2.3  114.324
2  2.5  83.5632
2  2.7  61.5665
2  2.9  45.8656
2  3.1  34.4975
2  3.3  26.2202
2  3.5  20.1355
2  3.7  15.6234
2  3.9  12.2295
2  4.1  9.66956
2  4.3  7.85262
2  4.5  6.46646
2  4.7  5.36706
2  4.9  4.48727
2  5.1  3.77879
2  5.3  3.20289
2  5.5  2.73015
2  5.7  2.34015
2  5.9  2.01736
2  6.1  1.74664
2  6.3  1.51984
2  6.5  1.32726
2  6.7  1.16453
2  6.9  1.02538
2  7.1  0.906025
2  7.3  0.803085
2  7.5  0.715075
2  7.7  0.637659
2  7.9  0.570836
2  8.1  0.512531
2  8.3  0.461049
2  8.5  0.415961
2  8.7  0.376365
2  8.9  0.34069
2  9.1  0.309839
2  9.3  0.281569
2  9.5  0.256761
2  9.7  0.234989
2  9.9  0.214796
2  10.1  0.197004
2  10.3  0.180776
2  10.5  0.166636
2  10.7  0.153303
2  10.9  0.141465
2  11.1  0.130765
2  11.3  0.120992
2  11.5  0.112324
2  11.7  0.104225
2  11.9  0.0966883
4  0.1  5480.16
4  0.3  3103.76
4  0.5  2148.12
4  0.7  1544.01
4  0.9  1118.69
4  1.1  809.557
4  1.3  584.475
4  1.5  420.689
4  1.7  302.172
4  1.9  217.284
4  2.1  156.727
4  2.3  113.662
4  2.5  83.0678
4  2.7  61.2023
4  2.9  45.5908
4  3.1  34.298
4  3.3  26.0514
4  3.5  20.0128
4  3.7  15.5289
4  3.9  12.1584
4  4.1  9.61093
4  4.3  7.80527
4  4.5  6.42819
4  4.7  5.33518
4  4.9  4.46047
4  5.1  3.7566
4  5.3  3.18375
4  5.5  2.71392
4  5.7  2.32635
4  5.9  2.00542
4  6.1  1.73727
4  6.3  1.51016
4  6.5  1.3194
4  6.7  1.15759
4  6.9  1.01971
4  7.1  0.900842
4  7.3  0.7988
4  7.5  0.710857
4  7.7  0.633989
4  7.9  0.567477
4  8.1  0.509601
4  8.3  0.458062
4  8.5  0.413423
4  8.7  0.374107
4  8.9  0.339159
4  9.1  0.307774
4  9.3  0.280263
4  9.5  0.255336
4  9.7  0.233628
4  9.9  0.213597
4  10.1  0.196113
4  10.3  0.179783
4  10.5  0.165696
4  10.7  0.152411
4  10.9  0.140636
4  11.1  0.13022
4  11.3  0.120347
4  11.5  0.111676
4  11.7  0.103604
4  11.9  0.0962199
6  0.1  5445.28
6  0.3  3082.57
6  0.5  2134.09
6  0.7  1533.4
6  0.9  1110.56
6  1.1  803.793
6  1.3  579.579
6  1.5  417.04
6  1.7  299.541
6  1.9  215.296
6  2.1  155.242
6  2.3  112.559
6  2.5  82.2704
6  2.7  60.5938
6  2.9  45.0998
6  3.1  33.9472
6  3.3  25.7817
6  3.5  19.8118
6  3.7  15.3704
6  3.9  12.033
6  4.1  9.50904
6  4.3  7.72699
6  4.5  6.3632
6  4.7  5.28157
6  4.9  4.41568
6  5.1  3.7186
6  5.3  3.15207
6  5.5  2.68679
6  5.7  2.30355
6  5.9  1.98534
6  6.1  1.7195
6  6.3  1.49519
6  6.5  1.30629
6  6.7  1.14649
6  6.9  1.00966
6  7.1  0.892172
6  7.3  0.790457
6  7.5  0.703766
6  7.7  0.62772
6  7.9  0.562246
6  8.1  0.504494
6  8.3  0.453511
6  8.5  0.40923
6  8.7  0.370496
6  8.9  0.335854
6  9.1  0.30472
6  9.3  0.277492
6  9.5  0.252753
6  9.7  0.231298
6  9.9  0.211418
6  10.1  0.194159
6  10.3  0.178032
6  10.5  0.164051
6  10.7  0.150929
6  10.9  0.139212
6  11.1  0.12872
6  11.3  0.119329
6  11.5  0.110372
6  11.7  0.102595
6  11.9  0.0951612
8  0.1  5394.52
8  0.3  3052.71
8  0.5  2113.6
8  0.7  1518.16
8  0.9  1099.27
8  1.1  794.886
8  1.3  573.005
8  1.5  412.253
8  1.7  295.77
8  1.9  212.474
8  2.1  153.139
8  2.3  111.019
8  2.5  81.0948
8  2.7  59.765
8  2.9  44.446
8  3.1  33.4459
8  3.3  25.3999
8  3.5  19.522
8  3.7  15.134
8  3.9  11.8556
8  4.1  9.37395
8  4.3  7.61341
8  4.5  6.2706
8  4.7  5.2057
8  4.9  4.35179
8  5.1  3.66513
8  5.3  3.1074
8  5.5  2.64891
8  5.7  2.27026
8  5.9  1.95706
8  6.1  1.69504
8  6.3  1.47399
8  6.5  1.28782
8  6.7  1.12991
8  6.9  0.995471
8  7.1  0.879517
8  7.3  0.779378
8  7.5  0.693812
8  7.7  0.619347
8  7.9  0.554271
8  8.1  0.497377
8  8.3  0.447188
8  8.5  0.403586
8  8.7  0.365191
8  8.9  0.33064
8  9.1  0.300778
8  9.3  0.273238
8  9.5  0.249569
8  9.7  0.228009
8  9.9  0.208434
8  10.1  0.191304
8  10.3  0.175492
8  10.5  0.161755
8  10.7  0.148805
8  10.9  0.137553
8  11.1  0.126912
8  11.3  0.117654
8  11.5  0.108886
8  11.7  0.10116
8  11.9  0.0939459
10  0.1  5328.62
10  0.3  3014.15
10  0.5  2086.48
10  0.7  1498.35
10  0.9  1083.87
10  1.1  783.765
10  1.3  564.389
10  1.5  405.52
10  1.7  290.748
10  1.9  208.78
10  2.1  150.309
10  2.3  108.993
10  2.5  79.5156
10  2.7  58.6305
10  2.9  43.621
10  3.1  32.8089
10  3.3  24.9199
10  3.5  19.1479
10  3.7  14.8481
10  3.9  11.6283
10  4.1  9.19267
10  4.3  7.46618
10  4.5  6.14991
10  4.7  5.10634
10  4.9  4.2686
10  5.1  3.59484
10  5.3  3.04821
10  5.5  2.59844
10  5.7  2.2268
10  5.9  1.92022
10  6.1  1.66354
10  6.3  1.44667
10  6.5  1.2641
10  6.7  1.10876
10  6.9  0.976618
10  7.1  0.863075
10  7.3  0.765173
10  7.5  0.680907
10  7.7  0.607703
10  7.9  0.543931
10  8.1  0.487694
10  8.3  0.438818
10  8.5  0.395945
10  8.7  0.358099
10  8.9  0.324509
10  9.1  0.295071
10  9.3  0.268296
10  9.5  0.244943
10  9.7  0.223515
10  9.9  0.204857
10  10.1  0.187583
10  10.3  0.172601
10  10.5  0.158759
10  10.7  0.146281
10  10.9  0.134759
10  11.1  0.124781
10  11.3  0.115462
10  11.5  0.106809
10  11.7  0.0992049
10  11.9  0.0922304
12  0.1  5242.81
12  0.3  2964.98
12  0.5  2052.49
12  0.7  1472.45
12  0.9  1065.11
12  1.1  769.422
12  1.3  553.505
12  1.5  397.168
12  1.7  284.63
12  1.9  204.148
12  2.1  146.924
12  2.3  106.427
12  2.5  77.6
12  2.7  57.2038
12  2.9  42.5356
12  3.1  32.0045
12  3.3  24.301
12  3.5  18.6731
12  3.7  14.4798
12  3.9  11.3376
12  4.1  8.96122
12  4.3  7.28369
12  4.5  5.99795
12  4.7  4.98009
12  4.9  4.16474
12  5.1  3.5076
12  5.3  2.97363
12  5.5  2.5361
12  5.7  2.17319
12  5.9  1.87392
12  6.1  1.62311
12  6.3  1.41169
12  6.5  1.23381
12  6.7  1.08229
12  6.9  0.95331
12  7.1  0.842415
12  7.3  0.746875
12  7.5  0.664659
12  7.7  0.592792
12  7.9  0.531078
12  8.1  0.476601
12  8.3  0.428378
12  8.5  0.386615
12  8.7  0.34966
12  8.9  0.317251
12  9.1  0.287944
12  9.3  0.262047
12  9.5  0.239175
12  9.7  0.218303
12  9.9  0.200064
12  10.1  0.183456
12  10.3  0.168529
12  10.5  0.155034
12  10.7  0.142615
12  10.9  0.131838
12  11.1  0.121663
12  11.3  0.112578
12  11.5  0.104265
12  11.7  0.0969582
12  11.9  0.0899927
14  0.1  5137.57
14  0.3  2905.37
14  0.5  2009.95
14  0.7  1441.93
14  0.9  1041.94
14  1.1  751.74
14  1.3  540.156
14  1.5  387.125
14  1.7  277.015
14  1.9  198.462
14  2.1  142.708
14  2.3  103.259
14  2.5  75.336
14  2.7  55.462
14  2.9  41.2536
14  3.1  31.0251
14  3.3  23.5641
14  3.5  18.1055
14  3.7  14.0327
14  3.9  10.9872
14  4.1  8.68266
14  4.3  7.05717
14  4.5  5.81476
14  4.7  4.82918
14  4.9  4.03824
14  5.1  3.40086
14  5.3  2.88338
14  5.5  2.4585
14  5.7  2.108
14  5.9  1.81733
14  6.1  1.57381
14  6.3  1.36923
14  6.5  1.1963
14  6.7  1.05001
14  6.9  0.924388
14  7.1  0.817206
14  7.3  0.724618
14  7.5  0.644724
14  7.7  0.57504
14  7.9  0.515158
14  8.1  0.462358
14  8.3  0.415641
14  8.5  0.375123
14  8.7  0.339282
14  8.9  0.307695
14  9.1  0.27951
14  9.3  0.25436
14  9.5  0.231748
14  9.7  0.211736
14  9.9  0.19408
14  10.1  0.177686
14  10.3  0.163253
14  10.5  0.150152
14  10.7  0.138586
14  10.9  0.127627
14  11.1  0.1182
14  11.3  0.109401
14  11.5  0.101368
14  11.7  0.0940583
14  11.9  0.0873728
16  0.1  5009.61
16  0.3  2831.66
16  0.5  1959.05
16  0.7  1404.13
16  0.9  1012.91
16  1.1  730.242
16  1.3  523.833
16  1.5  374.872
16  1.7  267.682
16  1.9  191.623
16  2.1  137.567
16  2.3  99.5237
16  2.5  72.5031
16  2.7  53.3977
16  2.9  39.6936
16  3.1  29.836
16  3.3  22.6646
16  3.5  17.4112
16  3.7  13.4982
16  3.9  10.5711
16  4.1  8.35693
16  4.3  6.78975
16  4.5  5.59488
16  4.7  4.64606
16  4.9  3.88599
16  5.1  3.27319
16  5.3  2.77525
16  5.5  2.36637
16  5.7  2.02869
16  5.9  1.74992
16  6.1  1.51565
16  6.3  1.31878
16  6.5  1.15176
16  6.7  1.01082
16  6.9  0.890164
16  7.1  0.786809
16  7.3  0.697391
16  7.5  0.621043
16  7.7  0.55423
16  7.9  0.496158
16  8.1  0.445266
16  8.3  0.400393
16  8.5  0.361354
16  8.7  0.326731
16  8.9  0.296185
16  9.1  0.268945
16  9.3  0.245108
16  9.5  0.2232
16  9.7  0.203978
16  9.9  0.186968
16  10.1  0.171158
16  10.3  0.157278
16  10.5  0.144886
16  10.7  0.133315
16  10.9  0.122981
16  11.1  0.113732
16  11.3  0.105233
16  11.5  0.0974404
16  11.7  0.0906316
16  11.9  0.0841915
18  0.1  4854.14
18  0.3  2740.68
18  0.5  1894.98
18  0.7  1357.51
18  0.9  979.101
18  1.1  704.298
18  1.3  504.008
18  1.5  360.088
18  1.7  256.838
18  1.9  183.434
18  2.1  131.602
18  2.3  95.0229
18  2.5  69.1927
18  2.7  50.9029
18  2.9  37.8556
18  3.1  28.4435
18  3.3  21.5854
18  3.5  16.5886
18  3.7  12.8647
18  3.9  10.0718
18  4.1  7.95977
18  4.3  6.47368
18  4.5  5.33356
18  4.7  4.43017
18  4.9  3.70486
18  5.1  3.1213
18  5.3  2.6467
18  5.5  2.25702
18  5.7  1.9358
18  5.9  1.66861
18  6.1  1.44556
18  6.3  1.25759
18  6.5  1.09874
18  6.7  0.964698
18  6.9  0.849146
18  7.1  0.75063
18  7.3  0.665389
18  7.5  0.592104
18  7.7  0.528407
18  7.9  0.472927
18  8.1  0.424755
18  8.3  0.382047
18  8.5  0.34484
18  8.7  0.311696
18  8.9  0.282537
18  9.1  0.256589
18  9.3  0.233785
18  9.5  0.212894
18  9.7  0.194726
18  9.9  0.178153
18  10.1  0.1636
18  10.3  0.150034
18  10.5  0.137997
18  10.7  0.127148
18  10.9  0.117561
18  11.1  0.108629
18  11.3  0.100562
18  11.5  0.092987
18  11.7  0.0864386
18  11.9  0.0802937
20  0.1  4663.03
20  0.3  2632.45
20  0.5  1819.13
20  0.7  1302.82
20  0.9  936.743
20  1.1  672.905
20  1.3  480.561
20  1.5  342.582
20  1.7  243.723
20  1.9  173.694
20  2.1  124.426
20  2.3  89.7117
20  2.5  65.2432
20  2.7  48.0092
20  2.9  35.6701
20  3.1  26.7968
20  3.3  20.3305
20  3.5  15.6257
20  3.7  12.1135
20  3.9  9.48744
20  4.1  7.49618
20  4.3  6.09517
20  4.5  5.02433
20  4.7  4.17347
20  4.9  3.49155
20  5.1  2.94265
20  5.3  2.49514
20  5.5  2.1283
20  5.7  1.82501
20  5.9  1.57403
20  6.1  1.36351
20  6.3  1.18629
20  6.5  1.03645
20  6.7  0.90975
20  6.9  0.801731
20  7.1  0.708281
20  7.3  0.627969
20  7.5  0.559196
20  7.7  0.498908
20  7.9  0.446439
20  8.1  0.400856
20  8.3  0.360674
20  8.5  0.325658
20  8.7  0.294384
20  8.9  0.266712
20  9.1  0.242284
20  9.3  0.220534
20  9.5  0.201083
20  9.7  0.184062
20  9.9  0.168515
20  10.1  0.154533
20  10.3  0.141644
20  10.5  0.130378
20  10.7  0.12035
20  10.9  0.111021
20  11.1  0.102642
20  11.3  0.0950018
20  11.5  0.0878852
20  11.7  0.0816944
20  11.9  0.0758342
22  0.1  4429.5
22  0.3  2498.55
22  0.5  1725.95
22  0.7  1234.26
22  0.9  886.285
22  1.1  634.424
22  1.3  451.837
22  1.5  320.953
22  1.7  227.605
22  1.9  161.946
22  2.1  115.762
22  2.3  83.3788
22  2.5  60.6044
22  2.7  44.5419
22  2.9  33.08
22  3.1  24.8372
22  3.3  18.8527
22  3.5  14.4825
22  3.7  11.2241
22  3.9  8.79199
22  4.1  6.94378
22  4.3  5.64722
22  4.5  4.65788
22  4.7  3.86917
22  4.9  3.23735
22  5.1  2.72822
22  5.3  2.31417
22  5.5  1.97357
22  5.7  1.69247
22  5.9  1.45999
22  6.1  1.26507
22  6.3  1.10111
22  6.5  0.96242
22  6.7  0.8441
22  6.9  0.743715
22  7.1  0.657768
22  7.3  0.583201
22  7.5  0.519017
22  7.7  0.463008
22  7.9  0.414665
22  8.1  0.372308
22  8.3  0.334888
22  8.5  0.302206
22  8.7  0.273592
22  8.9  0.247782
22  9.1  0.225254
22  9.3  0.204956
22  9.5  0.186974
22  9.7  0.170933
22  9.9  0.156316
22  10.1  0.143246
22  10.3  0.13156
22  10.5  0.12117
22  10.7  0.111781
22  10.9  0.103159
22  11.1  0.0953449
22  11.3  0.0881069
22  11.5  0.0817904
22  11.7  0.0758731
22  11.9  0.0704906
24  0.1  4137.19
24  0.3  2332.21
24  0.5  1610.23
24  0.7  1149.01
24  0.9  823.144
24  1.1  587.196
24  1.3  416.829
24  1.5  294.871
24  1.7  208.536
24  1.9  147.91
24  2.1  105.483
24  2.3  75.8062
24  2.5  55.0319
24  2.7  40.3797
24  2.9  29.9944
24  3.1  22.5122
24  3.3  17.0796
24  3.5  13.1136
24  3.7  10.1643
24  3.9  7.963
24  4.1  6.29209
24  4.3  5.11796
24  4.5  4.21962
24  4.7  3.50673
24  4.9  2.93399
24  5.1  2.47424
24  5.3  2.09864
24  5.5  1.78986
24  5.7  1.53552
24  5.9  1.32407
24  6.1  1.14762
24  6.3  0.999138
24  6.5  0.873148
24  6.7  0.766259
24  6.9  0.675012
24  7.1  0.596588
24  7.3  0.529117
24  7.5  0.470868
24  7.7  0.420462
24  7.9  0.376435
24  8.1  0.337706
24  8.3  0.303889
24  8.5  0.274223
24  8.7  0.248134
24  8.9  0.225034
24  9.1  0.20416
24  9.3  0.185817
24  9.5  0.169468
24  9.7  0.154863
24  9.9  0.141794
24  10.1  0.13004
24  10.3  0.119424
24  10.5  0.110039
24  10.7  0.101396
24  10.9  0.0935875
24  11.1  0.0864978
24  11.3  0.0800482
24  11.5  0.0741896
24  11.7  0.0688444
24  11.9  0.0639276
26  0.1  3772.45
26  0.3  2123.46
26  0.5  1463.99
26  0.7  1043.38
26  0.9  744.986
26  1.1  529.128
26  1.3  373.565
26  1.5  263.129
26  1.7  185.225
26  1.9  130.928
26  2.1  93.0353
26  2.3  66.7822
26  2.5  48.3941
26  2.7  35.4627
26  2.9  26.3232
26  3.1  19.7562
26  3.3  14.9793
26  3.5  11.5046
26  3.7  8.91644
26  3.9  6.97796
26  4.1  5.5098
26  4.3  4.48477
26  4.5  3.6991
26  4.7  3.07582
26  4.9  2.57538
26  5.1  2.17066
26  5.3  1.84187
26  5.5  1.57091
26  5.7  1.34781
26  5.9  1.16302
26  6.1  1.00819
26  6.3  0.877658
26  6.5  0.766625
26  6.7  0.673268
26  6.9  0.593033
26  7.1  0.52425
26  7.3  0.465095
26  7.5  0.414007
26  7.7  0.369536
26  7.9  0.330788
26  8.1  0.296805
26  8.3  0.267072
26  8.5  0.241227
26  8.7  0.21828
26  8.9  0.197834
26  9.1  0.179518
26  9.3  0.163417
26  9.5  0.14925
26  9.7  0.136188
26  9.9  0.124678
26  10.1  0.114512
26  10.3  0.105027
26  10.5  0.096794
26  10.7  0.0891795
26  10.9  0.0823275
26  11.1  0.0760838
26  11.3  0.0704115
26  11.5  0.0652547
26  11.7  0.0605069
26  11.9  0.0562136
28  0.1  3313.15
28  0.3  1862.81
28  0.5  1283.36
28  0.7  911.49
28  0.9  647.445
28  1.1  457.182
28  1.3  320.875
28  1.5  224.609
28  1.7  157.351
28  1.9  110.609
28  2.1  78.4067
28  2.3  56.1003
28  2.5  40.5935
28  2.7  29.7262
28  2.9  22.011
28  3.1  16.5129
28  3.3  12.5202
28  3.5  9.60484
28  3.7  7.44588
28  3.9  5.82486
28  4.1  4.59974
28  4.3  3.7435
28  4.5  3.08948
28  4.7  2.56953
28  4.9  2.15119
28  5.1  1.81436
28  5.3  1.53963
28  5.5  1.31359
28  5.7  1.12751
28  5.9  0.973018
28  6.1  0.843376
28  6.3  0.734316
28  6.5  0.641603
28  6.7  0.56349
28  6.9  0.496446
28  7.1  0.438692
28  7.3  0.389248
28  7.5  0.346284
28  7.7  0.309293
28  7.9  0.277032
28  8.1  0.248588
28  8.3  0.223772
28  8.5  0.202019
28  8.7  0.182602
28  8.9  0.165558
28  9.1  0.150422
28  9.3  0.137019
28  9.5  0.124796
28  9.7  0.11411
28  9.9  0.104414
28  10.1  0.0957608
28  10.3  0.0879463
28  10.5  0.0810679
28  10.7  0.0745703
28  10.9  0.0688455
28  11.1  0.0637265
28  11.3  0.0589416
28  11.5  0.0546557
28  11.7  0.0507142
28  11.9  0.0471086
30  0.1  2752.95
30  0.3  1545.56
30  0.5  1063.48
30  0.7  751.833
30  0.9  530.886
30  1.1  371.962
30  1.3  259.053
30  1.5  179.887
30  1.7  125.162
30  1.9  87.5609
30  2.1  61.8087
30  2.3  44.095
30  2.5  31.8382
30  2.7  23.2704
30  2.9  17.2099
30  3.1  12.8973
30  3.3  9.76804
30  3.5  7.48942
30  3.7  5.80077
30  3.9  4.53902
30  4.1  3.58398
30  4.3  2.91782
30  4.5  2.40831
30  4.7  2.00367
30  4.9  1.67805
30  5.1  1.41563
30  5.3  1.2014
30  5.5  1.02573
30  5.7  0.880129
30  5.9  0.759873
30  6.1  0.658839
30  6.3  0.573846
30  6.5  0.501466
30  6.7  0.44045
30  6.9  0.388117
30  7.1  0.343239
30  7.3  0.304267
30  7.5  0.270912
30  7.7  0.242009
30  7.9  0.216686
30  8.1  0.194516
30  8.3  0.175006
30  8.5  0.158055
30  8.7  0.142866
30  8.9  0.129654
30  9.1  0.117643
30  9.3  0.107098
30  9.5  0.0978292
30  9.7  0.089237
30  9.9  0.0818877
30  10.1  0.0749624
30  10.3  0.0688906
30  10.5  0.0634838
30  10.7  0.0584095
30  10.9  0.0540009
30  11.1  0.0499237
30  11.3  0.046208
30  11.5  0.0427993
30  11.7  0.0397372
30  11.9  0.0369117
32  0.1  2120.2
32  0.3  1188.94
32  0.5  815.935
32  0.7  574.016
32  0.9  402.093
32  1.1  278.903
32  1.3  192.323
32  1.5  132.409
32  1.7  91.3109
32  1.9  63.5792
32  2.1  44.68
32  2.3  31.7449
32  2.5  22.8871
32  2.7  16.6935
32  2.9  12.3376
32  3.1  9.23321
32  3.3  6.98812
32  3.5  5.34422
32  3.7  4.13191
32  3.9  3.22748
32  4.1  2.54775
32  4.3  2.07442
32  4.5  1.71435
32  4.7  1.4262
32  4.9  1.19568
32  5.1  1.00889
32  5.3  0.856456
32  5.5  0.731572
32  5.7  0.627801
32  5.9  0.542028
32  6.1  0.470175
32  6.3  0.409014
32  6.5  0.35777
32  6.7  0.31418
32  6.9  0.276879
32  7.1  0.244971
32  7.3  0.217341
32  7.5  0.19346
32  7.7  0.172699
32  7.9  0.154634
32  8.1  0.138862
32  8.3  0.124957
32  8.5  0.112839
32  8.7  0.102127
32  8.9  0.0925473
32  9.1  0.0840106
32  9.3  0.0765641
32  9.5  0.0697364
32  9.7  0.0637687
32  9.9  0.058362
32  10.1  0.0535321
32  10.3  0.0491867
32  10.5  0.0453277
32  10.7  0.0417664
32  10.9  0.0384887
32  11.1  0.0356309
32  11.3  0.0329307
32  11.5  0.030575
32  11.7  0.0283569
32  11.9  0.0263278
