# fragmentation : LHAPDF (data/prompt-D0-1-109/prompt-D0-1-109_0000.dat, member 0, Q=1*mt0=1.50333)
# channel       : An0n
#   dipole file dir       : data/Pb/bk_posterior/member_0064/glauber_mve_<b>
#   pD0 loop             : 0.1 to 12.0 GeV, step 0.2
#   fixed rapidity y      : -2.5
# ============================================================
# b  pD0  dsigma_dyd2pD0
0  0.1  672.647
0  0.3  528.951
0  0.5  408.342
0  0.7  305.59
0  0.9  223.431
0  1.1  160.459
0  1.3  113.955
0  1.5  80.4633
0  1.7  56.7947
0  1.9  40.2525
0  2.1  28.7366
0  2.3  20.7109
0  2.5  15.089
0  2.7  11.1302
0  2.9  8.30516
0  3.1  6.26763
0  3.3  4.78498
0  3.5  3.69643
0  3.7  2.88518
0  3.9  2.27268
0  4.1  1.8073
0  4.3  1.47969
0  4.5  1.22814
0  4.7  1.02711
0  4.9  0.865173
0  5.1  0.734069
0  5.3  0.626645
0  5.5  0.538127
0  5.7  0.464602
0  5.9  0.403318
0  6.1  0.351243
0  6.3  0.307608
0  6.5  0.270556
0  6.7  0.238789
0  6.9  0.211479
0  7.1  0.188104
0  7.3  0.167549
0  7.5  0.150074
0  7.7  0.134509
0  7.9  0.121035
0  8.1  0.10913
0  8.3  0.0987324
0  8.5  0.0896123
0  8.7  0.0813029
0  8.9  0.074073
0  9.1  0.067617
0  9.3  0.0618229
0  9.5  0.0566425
0  9.7  0.0519331
0  9.9  0.0477571
0  10.1  0.0439785
0  10.3  0.0405712
0  10.5  0.0374543
0  10.7  0.0346504
0  10.9  0.0320778
0  11.1  0.0297466
0  11.3  0.0276383
0  11.5  0.025704
0  11.7  0.0239442
0  11.9  0.0223124
2  0.1  671.908
2  0.3  528.25
2  0.5  407.828
2  0.7  305.192
2  0.9  223.114
2  1.1  160.229
2  1.3  113.765
2  1.5  80.3271
2  1.7  56.6947
2  1.9  40.179
2  2.1  28.6826
2  2.3  20.6713
2  2.5  15.0593
2  2.7  11.1128
2  2.9  8.28887
2  3.1  6.2567
2  3.3  4.77549
2  3.5  3.68815
2  3.7  2.87805
2  3.9  2.26874
2  4.1  1.80352
2  4.3  1.47654
2  4.5  1.22562
2  4.7  1.02514
2  4.9  0.863538
2  5.1  0.732867
2  5.3  0.625406
2  5.5  0.537024
2  5.7  0.463448
2  5.9  0.402272
2  6.1  0.350583
2  6.3  0.307014
2  6.5  0.269772
2  6.7  0.238186
2  6.9  0.21093
2  7.1  0.18749
2  7.3  0.167353
2  7.5  0.149646
2  7.7  0.134194
2  7.9  0.120928
2  8.1  0.109085
2  8.3  0.0986453
2  8.5  0.089381
2  8.7  0.0812478
2  8.9  0.0739084
2  9.1  0.067488
2  9.3  0.0616861
2  9.5  0.0565349
2  9.7  0.051848
2  9.9  0.0476471
2  10.1  0.0438756
2  10.3  0.0404658
2  10.5  0.0373948
2  10.7  0.0345806
2  10.9  0.032015
2  11.1  0.0296587
2  11.3  0.0275817
2  11.5  0.0256604
2  11.7  0.0238922
2  11.9  0.0222491
4  0.1  668.84
4  0.3  526.249
4  0.5  406.266
4  0.7  303.948
4  0.9  222.168
4  1.1  159.52
4  1.3  113.221
4  1.5  79.9167
4  1.7  56.3941
4  1.9  39.9576
4  2.1  28.5201
4  2.3  20.5528
4  2.5  14.9719
4  2.7  11.0364
4  2.9  8.23896
4  3.1  6.21819
4  3.3  4.74717
4  3.5  3.6655
4  3.7  2.86072
4  3.9  2.25504
4  4.1  1.79269
4  4.3  1.46809
4  4.5  1.21819
4  4.7  1.01932
4  4.9  0.859065
4  5.1  0.728239
4  5.3  0.621376
4  5.5  0.533869
4  5.7  0.461069
4  5.9  0.399636
4  6.1  0.348507
4  6.3  0.305088
4  6.5  0.268453
4  6.7  0.236828
4  6.9  0.209726
4  7.1  0.18646
4  7.3  0.166355
4  7.5  0.148771
4  7.7  0.133616
4  7.9  0.120099
4  8.1  0.108428
4  8.3  0.0980611
4  8.5  0.0887612
4  8.7  0.0806496
4  8.9  0.0734814
4  9.1  0.0671035
4  9.3  0.0613176
4  9.5  0.0561947
4  9.7  0.0515851
4  9.9  0.0473937
4  10.1  0.0436266
4  10.3  0.0402772
4  10.5  0.0371314
4  10.7  0.0344035
4  10.9  0.0318361
4  11.1  0.0295612
4  11.3  0.0274338
4  11.5  0.0255153
4  11.7  0.0237581
4  11.9  0.0221464
6  0.1  664.66
6  0.3  522.842
6  0.5  403.099
6  0.7  301.874
6  0.9  220.594
6  1.1  158.291
6  1.3  112.298
6  1.5  79.226
6  1.7  55.8846
6  1.9  39.5848
6  2.1  28.247
6  2.3  20.3518
6  2.5  14.8299
6  2.7  10.929
6  2.9  8.15697
6  3.1  6.15437
6  3.3  4.70015
6  3.5  3.62823
6  3.7  2.83209
6  3.9  2.23156
6  4.1  1.77408
6  4.3  1.45348
6  4.5  1.20619
6  4.7  1.00956
6  4.9  0.849589
6  5.1  0.720865
6  5.3  0.615847
6  5.5  0.528812
6  5.7  0.456507
6  5.9  0.396194
6  6.1  0.345349
6  6.3  0.302193
6  6.5  0.26554
6  6.7  0.234536
6  6.9  0.207771
6  7.1  0.184854
6  7.3  0.164624
6  7.5  0.147575
6  7.7  0.132297
6  7.9  0.118885
6  8.1  0.107231
6  8.3  0.097039
6  8.5  0.0880192
6  8.7  0.0800019
6  8.9  0.0728385
6  9.1  0.0664594
6  9.3  0.0607895
6  9.5  0.055629
6  9.7  0.0510591
6  9.9  0.0468654
6  10.1  0.0432023
6  10.3  0.03981
6  10.5  0.0368121
6  10.7  0.0340545
6  10.9  0.0315051
6  11.1  0.0292215
6  11.3  0.0271734
6  11.5  0.0252638
6  11.7  0.0235272
6  11.9  0.0219304
8  0.1  658.899
8  0.3  518.028
8  0.5  399.759
8  0.7  298.898
8  0.9  218.29
8  1.1  156.548
8  1.3  110.968
8  1.5  78.2437
8  1.7  55.1572
8  1.9  39.05
8  2.1  27.8609
8  2.3  20.0716
8  2.5  14.6141
8  2.7  10.7746
8  2.9  8.03943
8  3.1  6.0657
8  3.3  4.63187
8  3.5  3.57713
8  3.7  2.79087
8  3.9  2.19917
8  4.1  1.74863
8  4.3  1.43247
8  4.5  1.1885
8  4.7  0.994626
8  4.9  0.83749
8  5.1  0.71115
8  5.3  0.606856
8  5.5  0.521117
8  5.7  0.450145
8  5.9  0.390386
8  6.1  0.340186
8  6.3  0.29791
8  6.5  0.26219
8  6.7  0.231177
8  6.9  0.204927
8  7.1  0.18196
8  7.3  0.162407
8  7.5  0.145174
8  7.7  0.130439
8  7.9  0.117253
8  8.1  0.105849
8  8.3  0.0957577
8  8.5  0.0867419
8  8.7  0.0789042
8  8.9  0.0717816
8  9.1  0.0655104
8  9.3  0.0598653
8  9.5  0.0548794
8  9.7  0.0503505
8  9.9  0.0462641
8  10.1  0.0426139
8  10.3  0.0392913
8  10.5  0.036242
8  10.7  0.0335512
8  10.9  0.03109
8  11.1  0.0288397
8  11.3  0.0267752
8  11.5  0.0249161
8  11.7  0.0231996
8  11.9  0.0216168
10  0.1  650.865
10  0.3  511.626
10  0.5  394.74
10  0.7  295.042
10  0.9  215.278
10  1.1  154.223
10  1.3  109.232
10  1.5  76.9543
10  1.7  54.2203
10  1.9  38.3753
10  2.1  27.3519
10  2.3  19.6917
10  2.5  14.3391
10  2.7  10.5686
10  2.9  7.88563
10  3.1  5.95069
10  3.3  4.54277
10  3.5  3.50862
10  3.7  2.73766
10  3.9  2.15603
10  4.1  1.71554
10  4.3  1.40469
10  4.5  1.16602
10  4.7  0.975501
10  4.9  0.821879
10  5.1  0.697759
10  5.3  0.595103
10  5.5  0.511773
10  5.7  0.441338
10  5.9  0.383164
10  6.1  0.334037
10  6.3  0.292334
10  6.5  0.257091
10  6.7  0.226865
10  6.9  0.201014
10  7.1  0.178791
10  7.3  0.159255
10  7.5  0.142512
10  7.7  0.127914
10  7.9  0.115162
10  8.1  0.103869
10  8.3  0.0938228
10  8.5  0.0850558
10  8.7  0.0773608
10  8.9  0.0703702
10  9.1  0.0642524
10  9.3  0.0587738
10  9.5  0.0538606
10  9.7  0.0493807
10  9.9  0.0453644
10  10.1  0.041755
10  10.3  0.0385836
10  10.5  0.0356205
10  10.7  0.0329718
10  10.9  0.030511
10  11.1  0.0282928
10  11.3  0.026307
10  11.5  0.0244572
10  11.7  0.0227515
10  11.9  0.021212
12  0.1  640.133
12  0.3  503.238
12  0.5  388.37
12  0.7  290.108
12  0.9  211.453
12  1.1  151.326
12  1.3  107.045
12  1.5  75.3297
12  1.7  53.0289
12  1.9  37.495
12  2.1  26.7186
12  2.3  19.2304
12  2.5  14.0012
12  2.7  10.3187
12  2.9  7.69425
12  3.1  5.80487
12  3.3  4.43095
12  3.5  3.42234
12  3.7  2.67042
12  3.9  2.10494
12  4.1  1.67295
12  4.3  1.37108
12  4.5  1.13771
12  4.7  0.951848
12  4.9  0.801564
12  5.1  0.680529
12  5.3  0.581091
12  5.5  0.498959
12  5.7  0.430645
12  5.9  0.37383
12  6.1  0.325867
12  6.3  0.28514
12  6.5  0.251075
12  6.7  0.221306
12  6.9  0.196098
12  7.1  0.174289
12  7.3  0.155464
12  7.5  0.139171
12  7.7  0.124947
12  7.9  0.112324
12  8.1  0.101311
12  8.3  0.0916566
12  8.5  0.0830936
12  8.7  0.0755832
12  8.9  0.0687477
12  9.1  0.0626937
12  9.3  0.0574206
12  9.5  0.0525894
12  9.7  0.04823
12  9.9  0.0443259
12  10.1  0.0408232
12  10.3  0.0376772
12  10.5  0.0347844
12  10.7  0.0321635
12  10.9  0.0297896
12  11.1  0.0276149
12  11.3  0.0256922
12  11.5  0.0238821
12  11.7  0.0222317
12  11.9  0.0207218
14  0.1  627.864
14  0.3  493.205
14  0.5  380.411
14  0.7  284.01
14  0.9  206.74
14  1.1  147.755
14  1.3  104.347
14  1.5  73.3435
14  1.7  51.5653
14  1.9  36.416
14  2.1  25.9429
14  2.3  18.6637
14  2.5  13.5814
14  2.7  10.0044
14  2.9  7.45808
14  3.1  5.62893
14  3.3  4.29524
14  3.5  3.31776
14  3.7  2.5887
14  3.9  2.04039
14  4.1  1.6223
14  4.3  1.32952
14  4.5  1.10317
14  4.7  0.923135
14  4.9  0.777175
14  5.1  0.660333
14  5.3  0.563685
14  5.5  0.483992
14  5.7  0.417828
14  5.9  0.362648
14  6.1  0.316317
14  6.3  0.276832
14  6.5  0.243448
14  6.7  0.214813
14  6.9  0.190419
14  7.1  0.169249
14  7.3  0.150965
14  7.5  0.13496
14  7.7  0.121259
14  7.9  0.109089
14  8.1  0.0983273
14  8.3  0.0890392
14  8.5  0.0807211
14  8.7  0.0732524
14  8.9  0.0667484
14  9.1  0.0608318
14  9.3  0.0556294
14  9.5  0.0510223
14  9.7  0.0468404
14  9.9  0.0430303
14  10.1  0.0395572
14  10.3  0.0365567
14  10.5  0.0337612
14  10.7  0.0312099
14  10.9  0.0289065
14  11.1  0.0268284
14  11.3  0.0249076
14  11.5  0.0231697
14  11.7  0.0215667
14  11.9  0.0201109
16  0.1  612.134
16  0.3  481.29
16  0.5  370.835
16  0.7  276.401
16  0.9  201.06
16  1.1  143.357
16  1.3  101.089
16  1.5  70.9357
16  1.7  49.805
16  1.9  35.1471
16  2.1  25.0094
16  2.3  17.984
16  2.5  13.0744
16  2.7  9.63217
16  2.9  7.17441
16  3.1  5.41407
16  3.3  4.1326
16  3.5  3.19213
16  3.7  2.4911
16  3.9  1.96263
16  4.1  1.56087
16  4.3  1.27919
16  4.5  1.06178
16  4.7  0.888268
16  4.9  0.749242
16  5.1  0.635307
16  5.3  0.542252
16  5.5  0.466373
16  5.7  0.402299
16  5.9  0.349107
16  6.1  0.304382
16  6.3  0.266698
16  6.5  0.23449
16  6.7  0.206996
16  6.9  0.183278
16  7.1  0.163057
16  7.3  0.145303
16  7.5  0.130111
16  7.7  0.11682
16  7.9  0.104934
16  8.1  0.0947945
16  8.3  0.0856286
16  8.5  0.0777106
16  8.7  0.0706572
16  8.9  0.0642801
16  9.1  0.0586619
16  9.3  0.0536663
16  9.5  0.0491463
16  9.7  0.0450731
16  9.9  0.04144
16  10.1  0.0380862
16  10.3  0.0352013
16  10.5  0.032511
16  10.7  0.0300744
16  10.9  0.0278384
16  11.1  0.0258396
16  11.3  0.0240126
16  11.5  0.022334
16  11.7  0.0207776
16  11.9  0.0193813
18  0.1  593.281
18  0.3  466.345
18  0.5  359.138
18  0.7  267.519
18  0.9  194.084
18  1.1  138.165
18  1.3  97.1719
18  1.5  68.0546
18  1.7  47.6807
18  1.9  33.6072
18  2.1  23.8927
18  2.3  17.1674
18  2.5  12.4819
18  2.7  9.18948
18  2.9  6.84505
18  3.1  5.16619
18  3.3  3.94016
18  3.5  3.04497
18  3.7  2.37499
18  3.9  1.87174
18  4.1  1.48855
18  4.3  1.21944
18  4.5  1.01211
18  4.7  0.847221
18  4.9  0.713773
18  5.1  0.60614
18  5.3  0.517477
18  5.5  0.44464
18  5.7  0.384134
18  5.9  0.333151
18  6.1  0.290481
18  6.3  0.254468
18  6.5  0.223749
18  6.7  0.197478
18  6.9  0.17494
18  7.1  0.155618
18  7.3  0.138737
18  7.5  0.12424
18  7.7  0.11148
18  7.9  0.100334
18  8.1  0.0904791
18  8.3  0.081868
18  8.5  0.0741379
18  8.7  0.0674351
18  8.9  0.0614021
18  9.1  0.0559937
18  9.3  0.051227
18  9.5  0.046912
18  9.7  0.0430723
18  9.9  0.0395561
18  10.1  0.0364291
18  10.3  0.0336074
18  10.5  0.0310687
18  10.7  0.0287197
18  10.9  0.0265966
18  11.1  0.02466
18  11.3  0.0229271
18  11.5  0.0212933
18  11.7  0.0198122
18  11.9  0.0185025
20  0.1  570.418
20  0.3  448.14
20  0.5  344.969
20  0.7  256.462
20  0.9  185.704
20  1.1  131.795
20  1.3  92.4755
20  1.5  64.5965
20  1.7  45.1847
20  1.9  31.7861
20  2.1  22.5704
20  2.3  16.2065
20  2.5  11.7724
20  2.7  8.66193
20  2.9  6.45388
20  3.1  4.86662
20  3.3  3.71399
20  3.5  2.86734
20  3.7  2.23747
20  3.9  1.7627
20  4.1  1.40142
20  4.3  1.14883
20  4.5  0.954161
20  4.7  0.798417
20  4.9  0.672935
20  5.1  0.571301
20  5.3  0.487907
20  5.5  0.419375
20  5.7  0.362165
20  5.9  0.314359
20  6.1  0.274008
20  6.3  0.239962
20  6.5  0.211018
20  6.7  0.18641
20  6.9  0.16508
20  7.1  0.146721
20  7.3  0.130952
20  7.5  0.117173
20  7.7  0.105187
20  7.9  0.0944848
20  8.1  0.0854268
20  8.3  0.0771267
20  8.5  0.0700193
20  8.7  0.0635773
20  8.9  0.0578482
20  9.1  0.0528314
20  9.3  0.0483233
20  9.5  0.0442695
20  9.7  0.0406602
20  9.9  0.0373655
20  10.1  0.0343838
20  10.3  0.0317143
20  10.5  0.0292771
20  10.7  0.0270726
20  10.9  0.0250943
20  11.1  0.0233059
20  11.3  0.0216255
20  11.5  0.0201006
20  11.7  0.0187412
20  11.9  0.0174674
22  0.1  541.809
22  0.3  425.807
22  0.5  327.289
22  0.7  242.939
22  0.9  175.442
22  1.1  124.089
22  1.3  86.7643
22  1.5  60.4359
22  1.7  42.1718
22  1.9  29.6225
22  2.1  20.9955
22  2.3  15.0574
22  2.5  10.9241
22  2.7  8.03845
22  2.9  5.98551
22  3.1  4.51318
22  3.3  3.44269
22  3.5  2.65807
22  3.7  2.07384
22  3.9  1.63418
22  4.1  1.29979
22  4.3  1.06579
22  4.5  0.884908
22  4.7  0.740875
22  4.9  0.623976
22  5.1  0.529924
22  5.3  0.452813
22  5.5  0.38914
22  5.7  0.335981
22  5.9  0.291809
22  6.1  0.254326
22  6.3  0.222741
22  6.5  0.195908
22  6.7  0.172897
22  6.9  0.153251
22  7.1  0.136371
22  7.3  0.121622
22  7.5  0.108679
22  7.7  0.0976216
22  7.9  0.0879026
22  8.1  0.0792693
22  8.3  0.0716391
22  8.5  0.0650003
22  8.7  0.0591049
22  8.9  0.0538348
22  9.1  0.0490724
22  9.3  0.0448891
22  9.5  0.0411462
22  9.7  0.0377477
22  9.9  0.0346747
22  10.1  0.031936
22  10.3  0.0294746
22  10.5  0.0271523
22  10.7  0.0251592
22  10.9  0.023325
22  11.1  0.0216491
22  11.3  0.0200866
22  11.5  0.0186966
22  11.7  0.0174049
22  11.9  0.0162179
24  0.1  506.845
24  0.3  398.167
24  0.5  305.948
24  0.7  226.386
24  0.9  162.78
24  1.1  114.653
24  1.3  79.8272
24  1.5  55.3782
24  1.7  38.5394
24  1.9  27.0096
24  2.1  19.1104
24  2.3  13.6841
24  2.5  9.92422
24  2.7  7.29538
24  2.9  5.42973
24  3.1  4.09334
24  3.3  3.12105
24  3.5  2.40993
24  3.7  1.88042
24  3.9  1.48134
24  4.1  1.17768
24  4.3  0.965273
24  4.5  0.80186
24  4.7  0.671511
24  4.9  0.566039
24  5.1  0.481115
24  5.3  0.410914
24  5.5  0.353106
24  5.7  0.305031
24  5.9  0.264797
24  6.1  0.230813
24  6.3  0.202074
24  6.5  0.1777
24  6.7  0.156977
24  6.9  0.139095
24  7.1  0.123715
24  7.3  0.110399
24  7.5  0.0987447
24  7.7  0.0886126
24  7.9  0.0798175
24  8.1  0.0720056
24  8.3  0.0649628
24  8.5  0.0590351
24  8.7  0.0536719
24  8.9  0.0488332
24  9.1  0.0445824
24  9.3  0.0407471
24  9.5  0.0373707
24  9.7  0.0342787
24  9.9  0.0314785
24  10.1  0.0290077
24  10.3  0.0267468
24  10.5  0.0247165
24  10.7  0.0228428
24  10.9  0.0211451
24  11.1  0.0196472
24  11.3  0.0182541
24  11.5  0.0169772
24  11.7  0.0157912
24  11.9  0.0147399
26  0.1  462.531
26  0.3  363.344
26  0.5  278.71
26  0.7  205.576
26  0.9  147.059
26  1.1  102.999
26  1.3  71.3026
26  1.5  49.2879
26  1.7  34.1616
26  1.9  23.8686
26  2.1  16.8503
26  2.3  12.0493
26  2.5  8.72934
26  2.7  6.41113
26  2.9  4.76885
26  3.1  3.59264
26  3.3  2.7382
26  3.5  2.11377
26  3.7  1.6496
26  3.9  1.2994
26  4.1  1.03262
26  4.3  0.84662
26  4.5  0.703444
26  4.7  0.589296
26  4.9  0.496965
26  5.1  0.422307
26  5.3  0.360575
26  5.5  0.310006
26  5.7  0.267823
26  5.9  0.232548
26  6.1  0.203001
26  6.3  0.177701
26  6.5  0.156164
26  6.7  0.137929
26  6.9  0.1223
26  7.1  0.108764
26  7.3  0.0970608
26  7.5  0.0867517
26  7.7  0.0778295
26  7.9  0.070185
26  8.1  0.0633251
26  8.3  0.0571773
26  8.5  0.0519049
26  8.7  0.0471253
26  8.9  0.0429736
26  9.1  0.0391919
26  9.3  0.0357923
26  9.5  0.032858
26  9.7  0.0301291
26  9.9  0.0277239
26  10.1  0.0255374
26  10.3  0.023546
26  10.5  0.0217231
26  10.7  0.0201228
26  10.9  0.0185984
26  11.1  0.0172825
26  11.3  0.0160542
26  11.5  0.0149202
26  11.7  0.0139115
26  11.9  0.0129642
28  0.1  406.911
28  0.3  319.434
28  0.5  244.653
28  0.7  179.481
28  0.9  127.538
28  1.1  88.7331
28  1.3  61.0648
28  1.5  41.9438
28  1.7  28.9769
28  1.9  20.2123
28  2.1  14.2799
28  2.3  10.2329
28  2.5  7.46056
28  2.7  5.45827
28  2.9  4.02689
28  3.1  3.00981
28  3.3  2.29068
28  3.5  1.76803
28  3.7  1.37865
28  3.9  1.08548
28  4.1  0.862661
28  4.3  0.70787
28  4.5  0.588735
28  4.7  0.493318
28  4.9  0.415957
28  5.1  0.353459
28  5.3  0.30194
28  5.5  0.259762
28  5.7  0.224518
28  5.9  0.194649
28  6.1  0.169863
28  6.3  0.148837
28  6.5  0.130941
28  6.7  0.115731
28  6.9  0.102466
28  7.1  0.0911254
28  7.3  0.081319
28  7.5  0.0727762
28  7.7  0.0653046
28  7.9  0.0587717
28  8.1  0.0529873
28  8.3  0.0480338
28  8.5  0.0435132
28  8.7  0.0395874
28  8.9  0.0360357
28  9.1  0.0328483
28  9.3  0.0300535
28  9.5  0.0275331
28  9.7  0.0252754
28  9.9  0.023247
28  10.1  0.0214177
28  10.3  0.01974
28  10.5  0.0182336
28  10.7  0.0168576
28  10.9  0.015609
28  11.1  0.0144996
28  11.3  0.0134663
28  11.5  0.012511
28  11.7  0.0116686
28  11.9  0.0108651
30  0.1  338.969
30  0.3  265.976
30  0.5  203.141
30  0.7  148.067
30  0.9  104.277
30  1.1  71.9109
30  1.3  49.0545
30  1.5  33.4569
30  1.7  22.9613
30  1.9  15.9134
30  2.1  11.1718
30  2.3  7.94909
30  2.5  5.74301
30  2.7  4.20562
30  2.9  3.12269
30  3.1  2.34986
30  3.3  1.78971
30  3.5  1.38022
30  3.7  1.07501
30  3.9  0.846765
30  4.1  0.672961
30  4.3  0.552712
30  4.5  0.459298
30  4.7  0.385153
30  4.9  0.324933
30  5.1  0.276031
30  5.3  0.235996
30  5.5  0.203009
30  5.7  0.175228
30  5.9  0.152223
30  6.1  0.132987
30  6.3  0.116359
30  6.5  0.102395
30  6.7  0.0905501
30  6.9  0.0801819
30  7.1  0.0713338
30  7.3  0.0636324
30  7.5  0.0569584
30  7.7  0.0511234
30  7.9  0.0460329
30  8.1  0.041496
30  8.3  0.0375852
30  8.5  0.0340714
30  8.7  0.0309843
30  8.9  0.0282009
30  9.1  0.0257447
30  9.3  0.0235301
30  9.5  0.021564
30  9.7  0.0198045
30  9.9  0.0181895
30  10.1  0.0167728
30  10.3  0.0154686
30  10.5  0.0142823
30  10.7  0.0131865
30  10.9  0.0122257
30  11.1  0.0113575
30  11.3  0.0105346
30  11.5  0.00980174
30  11.7  0.00913395
30  11.9  0.00852464
32  0.1  261.708
32  0.3  205.245
32  0.5  156.243
32  0.7  113.044
32  0.9  78.7754
32  1.1  53.6552
32  1.3  36.2502
32  1.5  24.5249
32  1.7  16.7189
32  1.9  11.5263
32  2.1  8.06148
32  2.3  5.71935
32  2.5  4.12089
32  2.7  3.01307
32  2.9  2.23565
32  3.1  1.67912
32  3.3  1.27716
32  3.5  0.984181
32  3.7  0.766565
32  3.9  0.603457
32  4.1  0.479805
32  4.3  0.393884
32  4.5  0.327481
32  4.7  0.274701
32  4.9  0.231839
32  5.1  0.197025
32  5.3  0.168672
32  5.5  0.145032
32  5.7  0.125358
32  5.9  0.108861
32  6.1  0.0948855
32  6.3  0.0831585
32  6.5  0.0732189
32  6.7  0.0647029
32  6.9  0.0573437
32  7.1  0.0510582
32  7.3  0.0455569
32  7.5  0.0407314
32  7.7  0.0365905
32  7.9  0.032889
32  8.1  0.0297599
32  8.3  0.0268674
32  8.5  0.0244004
32  8.7  0.0221789
32  8.9  0.0202066
32  9.1  0.0184261
32  9.3  0.016853
32  9.5  0.0154417
32  9.7  0.0141776
32  9.9  0.0130148
32  10.1  0.0120076
32  10.3  0.0110724
32  10.5  0.0102195
32  10.7  0.00945118
32  10.9  0.00875367
32  11.1  0.00812282
32  11.3  0.00754825
32  11.5  0.00702291
32  11.7  0.00653105
32  11.9  0.00609314
34  0.1  185.183
34  0.3  145.238
34  0.5  109.978
34  0.7  78.8186
34  0.9  54.2065
34  1.1  36.4678
34  1.3  24.3851
34  1.5  16.3497
34  1.7  11.066
34  1.9  7.58509
34  2.1  5.28286
34  2.3  3.73941
34  2.5  2.68931
34  2.7  1.96546
34  2.9  1.4581
34  3.1  1.09597
34  3.3  0.829661
34  3.5  0.644641
34  3.7  0.503236
34  3.9  0.397271
34  4.1  0.317231
34  4.3  0.260979
34  4.5  0.217233
34  4.7  0.182237
34  4.9  0.153733
34  5.1  0.130776
34  5.3  0.111738
34  5.5  0.0962139
34  5.7  0.0830499
34  5.9  0.0722133
34  6.1  0.0630396
34  6.3  0.0552139
34  6.5  0.0486192
34  6.7  0.0429452
34  6.9  0.0380734
34  7.1  0.0338635
34  7.3  0.0302137
34  7.5  0.0270651
34  7.7  0.0242744
34  7.9  0.0218645
34  8.1  0.0196984
34  8.3  0.0178455
34  8.5  0.0161894
34  8.7  0.0146828
34  8.9  0.01339
34  9.1  0.0122271
34  9.3  0.0111878
34  9.5  0.0102378
34  9.7  0.00939616
34  9.9  0.00863266
34  10.1  0.0079569
34  10.3  0.00734944
34  10.5  0.00677486
34  10.7  0.00626634
34  10.9  0.00581534
34  11.1  0.00538916
34  11.3  0.00500932
34  11.5  0.00465779
34  11.7  0.00433558
34  11.9  0.00404158
